04251.bmp,0,448,567,450,988,454,1110,449,1213,457,1279,459
04301.bmp,0,441,586,453,1016,469,1120,464,1234,466,1279,472
04351.bmp,0,443,444,452,733,458,877,466,1024,461,1152,466,1279,472
04401.bmp,0,450,474,453,714,455,790,450,896,458,1012,454,1138,456,1170,465,1279,467
04451.bmp,0,457,194,456,457,455,576,461,740,464,770,457,824,459,885,470,1019,457,1148,458,1188,465,1279,465
04501.bmp,0,447,169,448,447,447,484,448,577,457,771,457,818,453,900,461,1043,461,1173,458,1279,469
04551.bmp,0,450,429,447,491,446,501,450,787,456,812,454,833,448,877,450,903,459,1053,456,1080,455,1156,454,1202,458,1236,464,1279,464
04601.bmp,0,556,213,547,476,529,749,514,801,493,849,487,922,491,1035,468,1093,460,1177,446,1221,444,1279,435
04651.bmp,0,499,129,510,391,534,423,536,463,531,495,545,581,545,680,548,856,547,895,541,965,548,1122,533,1226,536,1279,529
04701.bmp,0,515,207,527,434,535,451,527,500,530,505,536,693,534,913,533,1094,517,1235,503,1279,507
04751.bmp,0,596,128,602,409,610,419,603,474,594,482,605,553,600,697,586,883,567,1068,536,1098,521,1202,504,1239,504,1279,492
04801.bmp,0,482,278,507,525,517,767,525,1052,529,1088,525,1203,522,1238,525,1279,524
04851.bmp,0,515,604,521,992,506,1089,494,1219,487,1245,489,1279,486
04901.bmp,0,529,392,534,602,529,822,521,1056,502,1091,494,1207,482,1249,488,1279,480
04951.bmp,0,468,439,495,845,512,1080,515,1111,505,1238,510,1258,515,1279,514
05001.bmp,0,504,260,507,533,502,827,494,998,495,1090,484,1129,473,1242,468,1279,475
05051.bmp,0,576,70,577,282,585,560,572,705,561,1004,529,1073,513,1159,498,1210,488,1245,492,1279,482
05101.bmp,0,590,132,597,418,608,547,611,715,597,1002,570,1076,551,1216,527,1234,523,1279,512
05151.bmp,0,550,40,554,191,567,421,580,555,581,701,581,917,573,1065,551,1240,537,1279,533
05201.bmp,0,558,301,573,557,576,707,570,1045,548,1078,541,1216,525,1279,516
05251.bmp,0,529,432,550,580,547,732,546,1006,536,1041,525,1186,519,1279,512
05301.bmp,0,526,386,534,631,531,819,525,997,514,1067,506,1116,501,1222,492,1238,494,1279,491
05351.bmp,0,477,332,512,700,540,872,545,1044,552,1075,545,1187,545,1279,551
05401.bmp,0,467,237,491,546,518,825,533,1019,544,1068,535,1279,539
05451.bmp,0,477,447,488,780,493,1002,492,1151,498,1199,488,1279,493
05501.bmp,0,598,98,590,285,569,472,546,708,515,856,496,1029,469,1117,454,1224,431,1279,424
05551.bmp,0,598,146,609,398,609,554,603,712,587,942,563,1110,529,1233,513,1279,501
05601.bmp,0,487,228,522,578,551,775,564,1196,564,1279,562
05651.bmp,0,625,223,632,458,619,555,610,713,595,978,553,1181,506,1279,484
05701.bmp,0,531,249,570,569,584,714,585,999,580,1220,562,1279,556
05751.bmp,0,524,232,558,550,587,702,592,1026,587,1279,569
05801.bmp,0,519,220,548,548,570,709,569,1076,567,1279,549
05851.bmp,0,322,240,412,539,509,761,573,902,617,1083,662,1279,708
05901.bmp,0,324,220,401,435,466,640,529,935,615,1082,657,1279,702
05951.bmp,0,537,247,562,557,581,702,581,937,575,1123,568,1279,546
06001.bmp,0,498,213,536,519,569,563,571,711,586,921,593,1098,593,1212,588,1279,585
06051.bmp,0,496,148,537,339,575,550,607,716,627,1101,646,1279,640
06101.bmp,0,557,46,560,286,579,438,582,716,576,944,562,1134,535,1247,519,1279,514
06151.bmp,0,533,332,515,781,491,1097,461,1279,441
06201.bmp,0,432,361,423,795,421,1012,433,1234,448,1279,452
06251.bmp,0,468,296,537,549,585,755,615,910,620,1165,638,1279,623
06301.bmp,0,526,125,550,339,577,542,588,720,593,931,592,1109,576,1279,557
06351.bmp,0,481,163,506,370,528,579,548,704,556,911,557,1062,561,1186,560,1279,558
06401.bmp,0,486,215,502,480,512,736,519,1019,518,1151,515,1253,517,1279,512
06451.bmp,0,527,182,535,366,531,513,533,697,536,851,533,988,518,1132,506,1230,491,1279,486
06501.bmp,0,507,166,518,365,529,572,542,795,553,1068,550,1253,541,1279,539
06551.bmp,0,311,220,413,429,507,562,571,722,629,883,687,1064,734,1236,784,1279,791
06601.bmp,0,125,78,184,200,288,342,390,481,499,570,556,825,721,957,796,1095,873,1141,900,1279,859
06701.bmp,0,38,135,158,276,280,448,420,605,539,704,603,755,632,843,698,1142,897,1279,853
06751.bmp,0,479,241,548,481,605,547,615,1039,656,1131,657,1279,664
06801.bmp,0,688,260,645,550,591,789,521,973,463,1092,423,1181,402,1279,367
06851.bmp,0,475,342,465,704,447,858,452,1050,447,1214,457,1279,455
06901.bmp,0,438,270,467,562,491,726,480,809,502,954,505,1065,512,1152,523,1239,529,1279,531
07701.bmp,0,513,264,514,476,514,650,510,765,483,854,494,997,481,1138,476,1233,476,1279,471
07751.bmp,0,187,146,253,285,324,438,410,685,542,866,625,969,673,1104,735,1192,782,1269,818,1279,827
07801.bmp,0,4,72,81,250,253,600,535,803,704,1067,916,1279,853
11801.bmp,0,8,220,141,406,265,662,424,894,620,1032,738,1182,893,1279,858
11851.bmp,0,163,195,247,471,391,749,519,947,618,1073,680,1220,782,1279,817
11901.bmp,0,252,219,295,558,375,797,435,1017,506,1189,567,1279,619
11951.bmp,0,337,292,366,635,426,933,484,1146,540,1279,586
12001.bmp,0,401,309,409,690,428,918,443,1114,468,1279,503
12051.bmp,0,425,365,438,733,454,863,444,953,456,1181,469,1279,487
12101.bmp,0,443,348,433,684,431,849,417,973,426,1137,426,1242,437,1279,437
12151.bmp,0,437,320,422,576,410,869,408,948,407,1214,410,1279,417
12201.bmp,0,526,497,447,894,390,1175,352,1279,351
12251.bmp,0,479,322,457,693,428,902,424,1097,417,1248,419,1279,425
12301.bmp,0,419,290,431,558,433,744,429,810,428,893,443,1033,442,1149,453,1255,465,1279,471
12351.bmp,0,463,235,446,486,434,667,431,777,405,883,425,986,422,1143,424,1262,425,1279,429
12401.bmp,0,495,219,477,465,454,605,444,765,411,871,426,1063,410,1157,410,1279,418
12451.bmp,0,378,248,388,497,403,749,421,991,433,1136,447,1279,477
12501.bmp,0,406,260,408,629,412,834,398,962,419,1179,431,1279,450
12551.bmp,0,464,310,440,494,423,699,420,854,397,943,409,1087,413,1200,409,1279,419
12601.bmp,0,523,261,488,649,428,802,390,875,399,1122,375,1279,376
12651.bmp,0,503,239,487,520,457,676,418,826,428,1070,395,1215,398,1279,391
12701.bmp,0,356,232,380,693,430,740,415,836,446,1036,466,1143,483,1279,504
12751.bmp,0,322,310,355,808,428,1067,484,1279,553
12801.bmp,0,2,274,131,572,310,763,455,940,598,1056,700,1248,869,1279,859
12851.bmp,0,68,188,174,421,282,649,385,834,502,1002,608,1096,658,1197,726,1279,775
12901.bmp,0,155,534,371,807,481,1066,596,1178,661,1279,729
12951.bmp,0,281,198,309,596,388,895,469,1182,571,1279,600
13001.bmp,0,311,151,319,545,375,781,422,1003,479,1198,536,1279,565
13051.bmp,0,411,296,436,705,484,1011,525,1251,561,1279,563
13101.bmp,0,364,169,372,541,407,846,457,1099,502,1279,541
13151.bmp,0,388,343,419,635,457,1008,512,1235,545,1279,546
13201.bmp,0,438,483,463,991,494,1215,509,1279,516
13251.bmp,0,390,233,402,496,426,703,447,910,468,1085,495,1233,518,1279,531
13301.bmp,0,433,289,437,593,457,875,475,1087,488,1279,498
13351.bmp,0,406,160,408,284,405,462,414,601,421,740,431,1056,449,1279,472
13401.bmp,0,463,212,444,377,438,602,435,839,440,1056,441,1279,449
13451.bmp,0,362,447,446,932,529,1135,572,1279,606
13501.bmp,0,274,346,395,697,502,1020,607,1196,685,1279,712
13551.bmp,0,81,182,174,368,288,576,422,789,553,890,623,1012,708,1177,803,1251,858,1279,849
13601.bmp,0,211,321,313,558,396,831,505,1044,591,1124,629,1279,704
13651.bmp,0,373,433,415,848,463,1130,499,1279,517
13701.bmp,0,459,483,482,1110,503,1279,504
13751.bmp,0,447,506,452,976,467,1279,484
13801.bmp,0,408,405,424,793,450,951,464,1133,488,1279,518
13851.bmp,0,423,427,431,776,446,971,454,1127,472,1279,498
13901.bmp,0,480,473,463,920,452,1097,452,1279,454
13951.bmp,0,513,599,494,928,482,1079,472,1279,467
14001.bmp,0,475,315,500,608,505,915,513,955,509,1055,512,1079,515,1279,516
14051.bmp,0,491,496,481,898,473,935,469,1069,465,1166,469,1279,467
14101.bmp,0,441,278,428,562,423,903,426,933,423,1051,430,1113,434,1279,446
14151.bmp,0,531,394,534,646,525,900,512,931,504,1035,500,1070,500,1279,484
14201.bmp,0,445,258,457,610,468,883,479,912,475,1034,483,1204,494,1279,499
14251.bmp,0,478,415,489,731,493,937,493,1160,490,1279,492
14301.bmp,0,453,233,450,902,450,949,452,1069,456,1156,455,1279,467
14351.bmp,0,456,320,481,667,498,917,506,1053,514,1279,521
14401.bmp,0,422,261,409,711,409,931,418,945,410,1279,443
14451.bmp,0,433,526,435,944,455,978,448,1115,463,1218,469,1279,471
14501.bmp,0,435,542,419,984,433,1017,426,1122,432,1173,440,1279,446
14551.bmp,0,577,182,548,610,468,969,400,989,388,1116,366,1162,364,1279,344
14601.bmp,0,552,425,503,799,460,915,441,952,436,1058,422,1096,423,1279,401
14651.bmp,0,395,528,466,891,517,929,516,1047,536,1128,548,1279,568
14701.bmp,0,361,311,394,662,442,965,492,996,488,1115,515,1279,546
14751.bmp,0,534,396,510,659,487,983,449,1028,442,1151,424,1171,428,1279,419
14801.bmp,0,484,378,472,626,465,954,453,987,448,1103,440,1134,445,1279,443
14851.bmp,0,477,375,481,704,478,962,477,1095,473,1130,478,1279,478
14901.bmp,0,502,296,480,580,461,901,443,966,431,1085,429,1125,429,1279,424
14951.bmp,0,477,363,488,621,492,947,492,992,486,1114,481,1152,490,1279,489
15001.bmp,0,423,446,454,767,477,977,486,1000,487,1124,496,1146,501,1279,507
15051.bmp,0,513,277,498,505,484,657,473,911,459,1011,446,1138,434,1175,441,1279,434
15101.bmp,0,445,235,443,664,434,924,436,960,429,1078,432,1116,436,1279,446
15151.bmp,0,480,325,484,525,486,910,481,979,471,1110,466,1173,470,1279,469
15201.bmp,0,405,418,452,711,479,946,502,1050,504,1136,512,1184,524,1279,535
15251.bmp,0,510,378,461,463,446,508,444,731,423,926,408,1019,394,1151,385,1176,386,1279,384
15301.bmp,0,492,340,484,651,472,973,466,1017,452,1139,454,1179,459,1279,455
15351.bmp,0,501,293,478,374,473,386,466,426,463,437,467,542,459,704,448,963,432,976,423,1101,421,1163,424,1279,415
15401.bmp,0,426,227,421,405,408,711,407,927,412,935,407,1053,408,1104,414,1279,423
15451.bmp,0,460,162,446,381,424,637,410,923,396,985,382,1129,385,1250,390,1279,388
15501.bmp,0,340,176,308,399,284,678,275,856,284,910,283,1045,298,1091,310,1279,351
15551.bmp,0,337,280,291,288,284,341,279,344,282,512,271,664,269,812,274,906,282,927,276,1067,294,1094,305,1153,317,1279,347
15601.bmp,0,329,258,293,260,284,314,281,323,286,625,272,740,274,884,286,902,281,1030,291,1071,310,1279,352
15651.bmp,0,330,252,292,257,284,310,276,318,284,605,265,868,281,903,275,1034,292,1106,308,1279,349
15701.bmp,0,340,248,299,254,295,305,283,312,292,466,275,604,269,752,272,849,275,907,274,1025,287,1071,301,1279,348
15751.bmp,0,334,252,292,255,284,310,278,319,286,404,282,474,271,609,265,748,271,887,280,901,275,1019,286,1058,298,1209,320,1279,343
15801.bmp,0,338,232,294,257,293,262,291,307,283,315,287,413,282,450,272,505,275,601,269,732,271,859,278,906,275,1027,288,1091,304,1166,324,1279,352
15851.bmp,0,333,248,293,253,287,308,280,323,286,438,278,453,272,863,280,901,274,1031,288,1100,306,1195,322,1279,345
15901.bmp,0,337,249,296,253,288,307,280,314,285,410,281,450,272,612,270,868,280,907,272,1028,291,1057,297,1187,319,1279,343
15951.bmp,0,337,252,293,257,287,311,281,319,285,411,278,560,269,612,268,763,271,865,278,895,272,1025,287,1067,302,1213,325,1279,343
16001.bmp,0,336,150,309,250,292,261,287,308,278,320,285,596,267,710,267,888,276,1023,288,1062,299,1202,326,1279,343
16051.bmp,0,337,248,293,257,284,304,279,320,284,438,272,571,271,649,268,751,268,874,275,902,278,1016,286,1057,296,1250,333,1279,344
16101.bmp,0,336,251,288,255,283,313,279,317,283,408,272,534,272,617,267,658,260,883,278,922,274,1032,287,1051,297,1195,324,1279,343
16151.bmp,0,333,161,306,249,293,261,283,305,279,322,285,404,280,447,269,595,265,675,263,873,275,897,272,1026,287,1053,297,1187,321,1279,347
16201.bmp,0,333,158,304,252,290,256,286,307,279,318,285,455,270,598,270,656,258,867,278,902,272,1015,286,1125,307,1210,327,1279,347
16251.bmp,0,334,160,303,246,291,251,287,300,278,321,283,422,276,450,268,627,269,795,270,885,279,903,274,1022,288,1067,303,1187,319,1279,343
16301.bmp,0,334,254,292,256,284,312,280,322,282,436,276,455,272,628,264,662,259,881,278,904,272,1017,286,1055,296,1199,324,1279,343
16351.bmp,0,338,153,306,254,295,257,287,312,279,316,286,411,280,441,270,609,273,671,264,886,278,900,276,1025,285,1075,301,1201,325,1279,347
16401.bmp,0,333,163,299,249,292,272,279,317,285,423,278,450,267,572,270,623,263,721,269,879,276,897,276,1019,286,1042,294,1190,321,1279,344
16451.bmp,0,333,257,290,261,284,310,280,320,287,415,280,446,270,607,271,657,261,865,274,901,269,1033,291,1181,320,1279,345
16501.bmp,0,337,140,309,244,293,262,287,322,283,474,272,644,261,779,273,892,275,1025,288,1095,304,1216,326,1279,345
16551.bmp,0,336,162,302,258,294,258,284,306,278,317,282,429,275,449,270,652,262,727,270,907,276,1024,286,1075,303,1197,326,1279,348
16601.bmp,0,337,260,290,264,285,308,279,317,281,403,279,439,273,599,273,640,262,749,268,874,278,904,274,1015,286,1078,303,1191,324,1279,343
16651.bmp,0,334,256,288,255,281,310,276,314,285,421,278,448,271,603,270,656,261,762,273,880,278,897,274,1022,286,1056,299,1199,326,1279,344
16701.bmp,0,336,150,309,251,295,253,285,308,278,315,285,422,283,442,273,603,269,655,263,767,272,875,276,897,273,1031,290,1043,296,1164,318,1192,320,1235,333,1279,345
16751.bmp,0,334,149,304,254,292,256,287,307,278,317,287,420,275,450,272,596,270,662,262,757,268,863,279,912,274,1030,290,1121,309,1194,326,1279,347
16801.bmp,0,337,249,296,252,286,305,280,315,285,408,282,448,273,609,265,813,270,875,278,898,273,1019,288,1045,298,1176,322,1194,322,1279,343
16851.bmp,0,337,162,301,248,290,252,287,308,281,315,285,398,280,443,271,589,269,636,263,660,259,701,265,777,270,860,273,920,275,1038,288,1074,304,1202,320,1279,341
16901.bmp,0,336,250,291,264,284,308,281,314,282,394,279,448,272,567,269,617,267,649,261,707,265,815,274,886,274,935,274,1018,290,1089,301,1186,319,1279,344
16951.bmp,0,333,258,293,263,287,311,280,318,286,418,283,459,272,600,276,641,264,699,267,787,271,861,276,912,273,1036,290,1074,302,1199,324,1279,347
17001.bmp,0,337,173,302,257,291,259,283,309,279,315,286,408,283,433,274,605,269,649,262,708,265,799,273,889,274,965,283,1020,290,1052,294,1160,316,1218,330,1279,347
17051.bmp,0,338,221,292,260,287,274,281,317,279,322,283,420,278,446,268,504,267,591,271,625,268,667,263,719,270,883,275,905,276,1034,290,1064,299,1221,329,1279,342
17101.bmp,0,336,108,314,156,304,253,291,265,284,307,280,318,287,413,283,454,270,590,273,653,258,743,268,859,276,898,275,1022,290,1068,301,1193,321,1279,344
17151.bmp,0,337,156,304,260,293,262,287,311,285,316,287,410,278,459,270,619,268,662,260,755,274,862,280,906,273,1020,290,1089,307,1209,329,1279,347
17201.bmp,0,468,62,476,257,479,491,482,647,468,769,481,884,467,1041,472,1120,473,1191,471,1279,472
17251.bmp,0,506,102,523,250,527,278,522,322,526,344,533,545,537,692,531,855,528,894,519,998,514,1055,519,1202,511,1279,504
17301.bmp,0,518,85,528,269,538,382,548,569,548,700,545,737,545,839,544,900,530,1002,526,1078,529,1173,524,1185,516,1279,510