02551.bmp,0,400,168,411,182,397,216,399,231,375,238,375,251,413,369,419,370,400,453,407,458,422,485,428,488,378,502,378,506,430,1279,497
02601.bmp,0,389,30,392,30,346,52,345,51,392,223,406,226,393,232,389,234,403,240,403,244,392,256,392,250,403,442,421,1279,484
02651.bmp,0,370,229,372,587,392,1010,428,1279,462
02701.bmp,0,361,149,366,511,384,949,424,1279,462
02751.bmp,0,356,120,361,521,392,968,433,1140,457,1279,465
02801.bmp,0,366,104,371,898,424,1104,447,1279,458
02851.bmp,0,352,144,361,640,403,952,433,1166,464,1279,472
02901.bmp,0,353,95,354,118,361,535,389,959,430,1166,458,1210,458,1279,466
02951.bmp,0,353,40,363,342,381,722,411,1036,446,1182,457,1279,472
03001.bmp,0,395,361,419,691,442,880,454,1053,458,1094,468,1279,483
03051.bmp,0,403,457,411,536,404,617,414,891,429,909,390,936,392,938,436,1279,457
03101.bmp,0,399,166,395,510,417,519,381,544,372,546,415,551,419,812,435,950,444,959,442,970,442,975,447,1044,451,1052,447,1098,448,1104,458,1178,465,1182,461,1190,461,1220,464,1232,464,1279,469
03151.bmp,0,399,72,399,74,364,62,382,46,384,47,374,58,354,84,338,84,367,84,400,588,414,590,411,645,411,647,421,720,422,790,421,1033,442,1176,451,1196,443,1279,450
03201.bmp,0,378,70,375,86,378,120,379,139,367,144,378,147,367,154,378,256,382,262,377,284,375,283,382,353,384,357,378,410,381,412,386,533,384,942,414,980,411,1213,443,1214,433,1246,437,1247,419,1262,417,1262,442,1279,442
03251.bmp,0,384,84,375,129,381,136,370,166,370,167,378,268,382,272,378,290,377,296,385,363,385,369,377,422,378,422,385,498,389,501,385,1021,415,1238,451,1241,439,1279,442
03301.bmp,0,372,142,367,206,370,208,361,240,363,240,368,342,372,344,364,370,370,371,372,437,372,439,370,495,370,500,378,567,378,578,374,1006,415,1049,408,1279,444
03351.bmp,0,371,149,363,205,366,208,357,232,356,242,366,344,370,345,363,368,363,370,374,437,372,442,364,497,366,497,374,1034,411,1088,413,1279,446
03401.bmp,0,370,147,361,211,367,216,353,243,349,242,361,345,368,350,364,369,364,372,370,440,375,442,370,495,367,499,375,623,378,1034,415,1106,419,1279,446
03451.bmp,0,368,38,368,152,361,171,366,214,367,214,354,240,354,242,366,345,370,345,364,372,367,372,372,438,372,441,370,498,367,500,374,875,400,1132,419,1279,444
03501.bmp,0,367,150,361,207,364,222,350,244,354,246,367,439,372,443,364,499,366,501,377,1279,375
03901.bmp,0,386,149,384,156,372,186,370,186,384,394,385,396,379,453,378,457,388,533,390,534,384,972,414,1066,414,1279,444
03951.bmp,0,395,178,399,196,386,219,393,433,403,437,396,499,395,504,401,575,408,578,403,1028,428,1086,425,1279,450
04001.bmp,0,372,134,372,192,370,230,361,236,374,475,384,476,378,536,379,538,388,616,395,619,388,1096,436,1156,437,1279,458
04051.bmp,0,407,214,430,236,417,252,424,252,430,513,464,514,457,579,464,579,469,1136,516,1216,511,1279,516
04101.bmp,0,486,85,497,230,511,419,530,605,534,749,541,1058,541,1168,538,1219,524,1279,519
04151.bmp,0,519,168,538,499,558,599,558,752,559,996,555,1149,540,1279,520
04201.bmp,0,520,147,533,404,541,599,544,751,544,997,533,1172,520,1279,500
04251.bmp,0,500,84,497,186,500,623,506,722,500,1076,493,1174,486,1279,477
04301.bmp,0,508,92,509,224,511,613,513,733,512,1034,502,1180,493,1279,479
04351.bmp,0,576,251,576,504,563,601,556,747,546,1047,511,1212,486,1279,466
04401.bmp,0,593,239,566,384,545,617,513,722,495,1100,436,1279,393
04451.bmp,0,516,113,519,281,523,605,527,747,524,1035,516,1148,505,1279,494
04501.bmp,0,564,222,560,420,549,603,540,753,527,1033,494,1279,457
04551.bmp,0,533,177,548,459,560,593,563,753,563,1015,552,1279,529
04601.bmp,0,549,194,549,384,542,605,531,738,522,984,505,1279,468
04651.bmp,0,314,310,444,603,548,942,646,1131,696,1279,729
04751.bmp,0,140,320,334,384,374,402,400,609,526,851,658,1279,872
04801.bmp,0,472,86,488,471,535,509,553,595,563,753,578,854,587,1202,595,1279,593
04851.bmp,0,552,213,560,535,571,593,570,752,567,1002,555,1279,523
04901.bmp,0,497,98,513,350,542,519,553,595,576,751,585,815,591,1220,588,1279,588
04951.bmp,0,477,26,486,92,511,324,534,548,555,600,567,752,574,915,582,1228,580,1279,577
05001.bmp,0,509,40,511,108,526,344,538,603,548,749,558,991,556,1279,535
05051.bmp,0,517,44,515,162,544,404,549,600,549,752,564,968,558,1279,535
05101.bmp,0,506,44,505,103,520,266,522,609,530,747,544,978,535,1279,520
05151.bmp,0,511,58,513,168,544,465,563,600,564,753,578,1098,570,1279,555
05201.bmp,0,479,25,479,84,497,617,508,741,519,1279,513
05251.bmp,0,183,102,218,140,259,615,466,643,494,745,535,1279,784
05401.bmp,0,194,1279,715
05451.bmp,0,375,912,509,1018,500,1106,524,1279,546
05501.bmp,0,415,1279,488
05551.bmp,0,472,960,448,1051,426,1144,450,1279,447
05601.bmp,0,422,619,442,1002,466,1070,455,1168,480,1279,486
05651.bmp,0,395,554,408,821,425,998,451,1077,433,1178,464,1279,465
05701.bmp,0,440,435,425,795,422,1008,437,1088,407,1192,442,1279,439
05751.bmp,0,430,563,426,855,433,1018,436,1083,429,1176,448,1279,459
05801.bmp,0,359,542,413,887,464,1052,475,1126,502,1279,530
05851.bmp,0,384,481,422,809,447,1025,482,1091,472,1172,504,1279,520
05901.bmp,0,433,463,447,817,464,1048,480,1119,461,1192,486,1279,487
05951.bmp,0,419,410,424,672,422,1034,444,1092,433,1160,455,1279,464
06001.bmp,0,473,517,395,814,372,1032,364,1116,341,1201,356,1279,360
06051.bmp,0,395,309,381,581,377,849,392,998,403,1076,389,1155,419,1279,428
06101.bmp,0,361,352,374,710,403,981,443,1051,442,1119,466,1279,498
06151.bmp,0,353,257,404,517,447,841,505,1001,533,1057,527,1126,555,1279,585
06201.bmp,0,462,238,490,533,505,623,505,962,522,1132,527,1226,508,1279,520
06251.bmp,0,552,240,560,463,556,609,548,753,535,1144,508,1214,469,1279,472
06301.bmp,0,611,191,602,316,587,533,569,604,553,751,535,1121,475,1208,425,1279,429
06351.bmp,0,555,230,560,491,560,608,552,751,542,1107,527,1205,488,1279,491
06401.bmp,0,563,253,571,523,567,605,562,751,549,1090,529,1179,495,1279,500
06451.bmp,0,564,290,576,753,571,1077,545,1160,516,1236,526,1279,522
06501.bmp,0,40,290,295,606,549,784,663,1279,877
06551.bmp,0,66,643,488,846,609,899,646,1279,867
06601.bmp,0,151,637,487,1279,802
06651.bmp,0,411,271,464,616,516,1032,577,1279,606
06701.bmp,0,493,1279,491
06751.bmp,0,426,505,446,1279,516
06801.bmp,0,366,467,425,1279,560
06851.bmp,0,378,487,436,1279,552
06901.bmp,0,419,503,443,1279,505
06951.bmp,0,482,495,459,1279,457
07001.bmp,0,455,468,425,1279,433
07051.bmp,0,140,399,306,711,458,966,593,1279,756
07151.bmp,0,125,302,296,647,488,825,592,938,647,1279,831
07201.bmp,0,446,622,508,743,519,1279,548
07251.bmp,0,490,621,502,732,501,1279,497
07301.bmp,0,462,630,472,1279,486
07351.bmp,0,406,596,453,1157,505,1279,520
07401.bmp,0,414,613,444,1279,505
07451.bmp,0,430,636,462,1279,498
07501.bmp,0,446,629,466,1279,490
07551.bmp,0,435,643,447,1279,482
07601.bmp,0,447,553,440,1279,454
07651.bmp,0,403,524,403,1279,455
07701.bmp,0,374,503,400,1279,491
07751.bmp,0,455,629,447,1279,459
07801.bmp,0,439,609,439,1279,462
07851.bmp,0,458,757,468,1279,486
07901.bmp,0,455,1279,502
07951.bmp,0,469,661,462,1279,468
08001.bmp,0,482,669,458,1279,461
08051.bmp,0,453,655,458,1279,482
08101.bmp,0,430,667,450,1279,486
08151.bmp,0,461,697,451,1279,464
08201.bmp,0,461,660,457,1279,464
08251.bmp,0,367,672,453,1279,556
08301.bmp,0,475,655,453,1279,447
08351.bmp,0,372,685,437,1279,530
08501.bmp,0,221,422,342,538,390,662,450,1279,685
08551.bmp,0,457,514,410,588,422,893,419,1279,433
08601.bmp,0,482,410,453,479,450,600,462,1279,464
08651.bmp,0,404,468,436,592,471,1279,544
08701.bmp,0,353,471,400,549,408,617,433,1279,559
08751.bmp,0,426,538,428,618,446,1009,468,1279,494
08801.bmp,0,465,28,464,85,475,571,439,634,447,1279,450
08851.bmp,0,458,31,453,92,468,571,436,664,450,1279,455
08901.bmp,0,342,72,364,560,401,619,424,949,477,1279,540
09101.bmp,0,174,487,348,1007,552,1279,685
09151.bmp,0,417,459,419,930,447,1007,435,1073,453,1279,472
09201.bmp,0,433,542,437,939,454,1020,439,1068,461,1279,466
09251.bmp,0,411,663,433,953,450,1014,436,1080,461,1279,482
09301.bmp,0,378,670,443,982,475,1046,466,1099,486,1279,515
09351.bmp,0,374,687,444,1016,488,1088,476,1141,506,1279,530
09401.bmp,0,457,427,448,831,444,1039,450,1110,432,1162,450,1279,451
09451.bmp,0,477,569,464,1044,455,1103,442,1162,451,1279,454
09501.bmp,0,447,495,444,815,443,1050,455,1113,440,1170,464,1279,469
09551.bmp,0,495,357,487,615,472,826,466,998,461,1076,433,1141,447,1279,446
09601.bmp,0,430,382,454,652,459,1001,480,1070,466,1149,486,1279,497
09651.bmp,0,443,264,439,567,428,862,430,1002,435,1085,415,1156,439,1279,448
09701.bmp,0,400,365,414,706,435,985,466,1072,455,1131,480,1279,497
09751.bmp,0,447,412,443,725,448,1023,455,1106,436,1172,455,1279,461
09801.bmp,0,407,321,404,630,406,880,419,1068,435,1128,421,1182,446,1279,461
09851.bmp,0,397,286,396,570,404,802,418,1100,450,1170,439,1227,461,1279,471
09901.bmp,0,501,306,444,610,406,819,375,1030,364,1096,339,1172,354,1279,350
09951.bmp,0,435,331,397,677,388,924,386,996,368,1066,390,1173,395,1279,407
10001.bmp,0,317,265,342,508,378,756,422,966,466,1023,459,1090,497,1279,549
10051.bmp,0,284,292,323,585,370,849,430,1075,486,1136,486,1191,530,1279,563
10101.bmp,0,143,788,490,955,580,1093,651,1166,668,1216,723,1279,750
10201.bmp,0,135,407,295,986,576,1074,624,1279,748
10251.bmp,0,397,722,447,1279,508
10301.bmp,0,422,524,439,992,466,1279,494
10351.bmp,0,328,470,389,892,479,1279,562
10401.bmp,0,353,357,371,659,411,1065,476,1279,512
10451.bmp,0,453,359,443,702,446,1104,464,1279,469
10501.bmp,0,440,355,444,607,461,936,473,1279,500
10551.bmp,0,353,1279,574
10601.bmp,0,443,622,462,1279,505
10651.bmp,0,435,613,488,1279,549
10801.bmp,0,295,488,430,982,576,1279,651
10851.bmp,0,448,702,479,1279,508
10901.bmp,0,461,581,458,1279,471
10951.bmp,0,345,543,411,1034,491,1279,534
11001.bmp,0,385,433,396,791,419,1279,472
11051.bmp,0,348,294,345,710,370,1279,464
11101.bmp,0,432,286,411,656,395,1088,397,1279,414
11151.bmp,0,422,477,411,870,428,1279,459
11201.bmp,0,361,1279,580
11251.bmp,0,414,1279,537
11301.bmp,0,480,1279,461
11351.bmp,0,505,1279,440
11401.bmp,0,447,1279,493
11451.bmp,0,447,616,448,1279,483
11501.bmp,0,453,637,464,1279,494
11551.bmp,0,488,623,475,1279,458
11601.bmp,0,406,707,447,1279,501
11651.bmp,0,473,653,439,1279,446
11701.bmp,0,430,631,444,1279,482
11751.bmp,0,482,655,453,1279,442
11801.bmp,0,417,665,433,1279,487
11851.bmp,0,400,648,443,1279,505
11901.bmp,0,488,611,459,1279,439
11951.bmp,0,421,646,446,1279,500
12001.bmp,0,429,653,458,1279,501
12051.bmp,0,82,618,430,1279,834
12201.bmp,0,151,295,251,360,292,711,439,781,459,895,538,980,574,1279,732
12251.bmp,0,410,701,439,892,453,968,477,1279,508
12301.bmp,0,472,459,400,892,361,1016,371,1279,379
12351.bmp,0,442,250,433,317,411,382,425,763,417,788,410,964,432,1279,447
12401.bmp,0,379,225,379,304,367,359,379,747,401,775,396,886,418,917,426,1279,477
12451.bmp,0,406,560,413,852,429,1279,495
12501.bmp,0,371,370,395,779,430,860,430,932,439,990,459,1279,502
12551.bmp,0,501,283,451,348,429,398,433,787,389,820,379,858,381,884,375,954,384,1279,374
12601.bmp,0,433,211,417,274,401,332,414,748,400,761,393,776,399,838,400,870,406,1279,439
12651.bmp,0,116,282,240,353,248,383,281,595,371,794,473,857,506,883,531,962,581,1279,766
12751.bmp,0,85,865,530,1033,627,1279,783
12801.bmp,0,339,586,450,965,516,1036,511,1084,540,1279,574
12851.bmp,0,408,592,439,987,466,1055,454,1110,475,1279,498
12901.bmp,0,418,651,422,976,442,1068,430,1128,451,1279,466
12951.bmp,0,435,465,406,735,397,969,399,1041,388,1092,408,1279,424
13001.bmp,0,413,605,454,924,480,1004,464,1061,491,1279,513
13051.bmp,0,378,961,511,1040,504,1102,530,1279,563
13101.bmp,0,371,565,433,1032,500,1093,494,1152,516,1279,541
13151.bmp,0,476,1080,472,1146,454,1199,473,1279,476
13201.bmp,0,511,636,502,727,494,1040,479,1104,457,1169,469,1279,464
13251.bmp,0,520,620,508,727,500,1010,487,1091,461,1146,480,1279,469
13301.bmp,0,462,449,426,789,410,1026,403,1098,386,1142,403,1279,408
13351.bmp,0,430,404,403,711,395,1038,397,1114,384,1176,406,1279,414
13401.bmp,0,353,359,359,643,377,872,408,1054,432,1124,424,1171,451,1279,472
13451.bmp,0,361,264,356,471,361,675,378,1037,422,1096,414,1148,444,1279,465
13501.bmp,0,26,577,334,964,581,1060,647,1118,671,1150,723,1279,831
13651.bmp,0,186,326,283,618,386,963,524,1132,607,1279,671
13701.bmp,0,462,445,435,928,440,1279,446
13751.bmp,0,462,390,442,753,450,1279,468
13801.bmp,0,414,559,450,936,491,1279,527
13851.bmp,0,361,326,382,689,429,970,477,1279,538
13901.bmp,0,432,435,433,755,448,1053,468,1279,491
13951.bmp,0,422,420,432,713,453,1024,477,1279,498
14001.bmp,0,494,468,477,716,477,998,479,1279,472
14051.bmp,0,444,437,453,838,477,1154,493,1279,502
14201.bmp,0,240,639,455,990,581,1279,687
14251.bmp,0,421,612,475,1279,535
14301.bmp,0,419,710,475,1279,531
14351.bmp,0,408,676,451,1279,519
14401.bmp,0,480,623,461,1279,458
14451.bmp,0,447,573,455,1279,482
14501.bmp,0,408,530,430,965,466,1279,505
14551.bmp,0,389,570,430,1027,483,1279,515
14601.bmp,0,459,364,437,775,433,1083,435,1279,444
14651.bmp,0,417,299,424,683,440,1059,472,1279,495
14701.bmp,0,397,300,425,617,455,964,494,1279,533
14751.bmp,0,422,291,425,597,437,926,458,1279,486
14801.bmp,0,450,256,442,486,439,763,443,1013,453,1279,468
14851.bmp,0,433,311,437,658,450,970,466,1279,491
14901.bmp,0,464,336,450,607,450,981,448,1279,464
14951.bmp,0,462,582,455,1016,458,1279,466
15001.bmp,0,500,435,422,761,377,1010,363,1279,353
15051.bmp,0,493,140,451,463,385,737,350,1008,331,1279,334
15101.bmp,0,323,424,406,878,508,1279,606
15151.bmp,0,292,679,484,1279,646
15201.bmp,0,446,1279,511
15251.bmp,0,495,1279,446
15301.bmp,0,480,691,436,1279,432
15351.bmp,0,482,710,468,1279,468
15401.bmp,0,359,653,464,1279,582
15551.bmp,0,285,332,379,352,378,430,397,451,413,657,479,1279,661
15601.bmp,0,424,416,442,483,447,523,461,1279,534
15651.bmp,0,439,514,447,575,459,1006,486,1279,505
15701.bmp,0,461,511,439,557,450,1279,479
15751.bmp,0,397,427,428,465,421,541,429,582,444,1279,533
15801.bmp,0,414,53,435,459,464,494,458,567,469,611,480,1279,533
15851.bmp,0,414,28,411,56,430,507,454,588,458,624,468,1279,531
15901.bmp,0,399,52,397,69,414,583,450,637,466,1279,540
15951.bmp,0,458,49,448,116,461,617,442,654,451,1279,466
16001.bmp,0,439,57,428,98,443,544,447,793,472,1279,497
16151.bmp,0,209,716,504,769,512,814,545,1279,726
16201.bmp,0,419,308,468,625,502,749,517,833,522,891,513,935,533,1279,555
16251.bmp,0,450,659,488,871,497,940,484,981,502,1279,511
16301.bmp,0,439,902,472,962,461,1010,480,1279,497
16351.bmp,0,395,905,482,970,476,1032,495,1279,529
16401.bmp,0,408,952,469,1008,458,1065,475,1279,505
16451.bmp,0,437,938,477,1008,464,1054,480,1279,500
16501.bmp,0,483,938,466,1001,447,1064,462,1279,464
16551.bmp,0,403,992,482,1050,476,1090,494,1279,516
16601.bmp,0,414,1003,464,1066,451,1109,469,1279,486
16651.bmp,0,453,417,422,1032,425,1112,406,1166,425,1279,435
16701.bmp,0,443,647,410,986,410,1058,395,1115,414,1279,426
16751.bmp,0,393,539,367,1026,396,1090,386,1144,408,1279,429
16801.bmp,0,430,650,417,1020,430,1091,418,1130,439,1279,450
16851.bmp,0,367,463,400,1044,476,1104,472,1150,494,1279,519
16901.bmp,0,353,484,390,843,430,1068,475,1162,471,1200,491,1279,519
16951.bmp,0,433,531,436,1088,455,1146,442,1198,461,1279,466
17001.bmp,0,488,582,466,1064,450,1138,430,1195,447,1279,453
17051.bmp,0,477,316,491,624,500,757,502,1042,505,1112,487,1165,504,1279,505
17101.bmp,0,459,314,493,621,511,742,520,1032,535,1103,516,1151,531,1279,537
17251.bmp,0,160,529,366,1002,577,1279,719
17301.bmp,0,495,629,501,723,497,1279,494
17351.bmp,0,483,627,497,1279,513
17401.bmp,0,353,637,457,1279,577
17451.bmp,0,411,561,451,1279,523
17501.bmp,0,461,669,469,1279,500
17551.bmp,0,472,649,453,1279,462
17601.bmp,0,174,461,363,1279,747
17751.bmp,0,214,294,295,737,433,1074,559,1279,647
17801.bmp,0,354,337,370,724,413,1062,464,1279,504
17851.bmp,0,384,273,400,627,433,946,471,1279,523
17901.bmp,0,381,291,399,733,453,1053,498,1279,533
17951.bmp,0,400,249,410,675,436,1279,497
18001.bmp,0,425,215,421,675,430,1279,482
18051.bmp,0,415,649,419,1279,471
18101.bmp,0,397,617,410,1279,471
18151.bmp,0,386,327,406,1071,480,1279,512
18201.bmp,0,425,450,439,899,464,1279,491
18251.bmp,0,377,344,381,658,408,1047,454,1279,490
18301.bmp,0,419,298,432,675,453,1279,500
18351.bmp,0,411,460,422,894,450,1279,486
18401.bmp,0,397,349,395,782,414,1279,465
18451.bmp,0,425,365,419,815,442,1279,480
18501.bmp,0,386,453,422,902,464,1279,512
18551.bmp,0,453,447,454,855,459,1279,483
18601.bmp,0,533,644,494,1279,453
18651.bmp,0,585,726,442,1279,348
18701.bmp,0,404,637,476,1279,541
18751.bmp,0,279,1279,668
18801.bmp,0,337,1279,588
18851.bmp,0,534,1279,417
18901.bmp,0,320,695,457,1279,595
19051.bmp,0,198,521,342,576,379,875,487,1074,576,1279,668
19101.bmp,0,377,537,370,595,390,938,415,1279,469
19151.bmp,0,384,528,350,590,363,1032,389,1279,426
19201.bmp,0,350,546,367,601,381,938,429,1279,494
19251.bmp,0,325,531,397,578,418,841,473,1132,540,1279,578
19301.bmp,0,367,573,395,615,411,976,453,1279,500
19351.bmp,0,290,595,364,643,384,994,459,1279,540
19601.bmp,0,377,651,442,968,483,1027,473,1067,495,1279,527
19651.bmp,0,483,578,458,952,444,1012,428,1060,442,1279,433
19701.bmp,0,524,638,487,920,468,969,447,1018,464,1279,444
19751.bmp,0,408,650,471,912,494,972,480,1027,497,1279,520
19801.bmp,0,436,982,506,1044,488,1095,511,1279,522
19851.bmp,0,479,976,455,1032,437,1100,451,1279,450
19901.bmp,0,516,939,450,1022,422,1076,436,1279,422
19951.bmp,0,388,951,482,1024,469,1076,494,1279,519
20001.bmp,0,429,974,448,1036,435,1096,461,1279,475
20051.bmp,0,443,968,457,1024,444,1084,461,1279,472
20101.bmp,0,408,633,425,1012,454,1083,442,1166,471,1279,480
20151.bmp,0,446,645,425,1009,437,1075,421,1140,439,1279,447
20201.bmp,0,424,627,396,1030,400,1106,388,1156,410,1279,419
20251.bmp,0,419,326,395,633,375,905,375,1070,386,1131,371,1186,390,1279,403
20301.bmp,0,414,228,392,649,378,992,390,1060,378,1112,397,1279,417
20351.bmp,0,335,413,343,750,371,1066,421,1118,414,1172,442,1279,472
20401.bmp,0,52,286,165,666,372,990,578,1087,642,1148,658,1179,704,1279,781
20551.bmp,0,401,657,483,1279,555
20601.bmp,0,403,391,425,894,484,1279,530
20651.bmp,0,353,501,425,1279,567
20701.bmp,0,353,369,397,930,495,1279,558
20751.bmp,0,370,282,395,652,442,1042,502,1279,538
20801.bmp,0,476,330,458,681,455,1279,459
20851.bmp,0,475,310,442,604,424,904,415,1279,422
20901.bmp,0,407,364,413,653,430,1073,466,1279,486
21101.bmp,0,171,499,357,892,522,1021,584,1099,616,1279,709
21151.bmp,0,364,471,396,912,446,1279,512
21201.bmp,0,411,484,432,884,462,1279,500
21251.bmp,0,425,467,439,948,464,1279,497
21301.bmp,0,436,477,442,953,454,1279,477
21351.bmp,0,382,427,401,801,444,1279,513
21401.bmp,0,384,453,390,894,422,1279,477
21451.bmp,0,410,388,413,719,425,1006,448,1279,480
21501.bmp,0,433,354,439,675,450,1076,469,1279,488
21551.bmp,0,483,435,480,785,480,1055,472,1279,472
21601.bmp,0,462,517,471,958,476,1279,488
21651.bmp,0,455,641,458,1279,480
21701.bmp,0,453,657,468,1279,484
21751.bmp,0,443,644,471,1279,506
21801.bmp,0,432,474,447,897,466,1279,502
21851.bmp,0,488,659,461,1279,454
21901.bmp,0,491,643,446,1279,428
21951.bmp,0,392,607,406,934,430,1279,479
22001.bmp,0,419,581,413,954,430,1279,461
22051.bmp,0,350,314,375,679,417,1044,482,1279,535
22101.bmp,0,419,368,407,773,415,1182,443,1279,457
22151.bmp,0,480,467,428,783,403,1279,389
22201.bmp,0,396,518,384,880,403,1279,450
22351.bmp,0,99,411,291,459,334,903,591,1279,821
22401.bmp,0,342,467,419,551,451,1096,574,1279,610
22451.bmp,0,469,429,447,483,447,543,455,1279,468
22501.bmp,0,415,451,404,504,419,1279,480
22551.bmp,0,367,518,381,576,401,936,447,1279,500
22601.bmp,0,382,473,378,536,381,609,408,1014,447,1279,491
22651.bmp,0,422,483,397,542,397,583,411,1052,442,1279,465
22701.bmp,0,323,563,397,643,428,1009,497,1279,555
22751.bmp,0,342,615,392,679,410,1058,468,1279,513
22801.bmp,0,96,623,419,748,498,884,585,1279,839
22951.bmp,0,313,716,453,880,491,942,486,979,513,1279,585
23001.bmp,0,408,914,484,982,476,1029,497,1279,526
23051.bmp,0,408,759,444,1279,490
23101.bmp,0,381,596,429,1010,477,1056,464,1090,483,1279,511
23151.bmp,0,411,1074,424,1137,443,1279,453
23201.bmp,0,422,674,413,1033,426,1111,413,1150,432,1279,444
23251.bmp,0,428,779,466,1022,482,1082,465,1142,497,1279,502
23301.bmp,0,505,1066,439,1139,415,1194,430,1279,425
23351.bmp,0,446,1070,447,1145,425,1196,450,1279,455
23401.bmp,0,531,135,527,270,520,997,458,1068,433,1122,447,1279,435
23451.bmp,0,447,813,477,1024,486,1086,468,1138,488,1279,498
23501.bmp,0,447,1031,494,1103,475,1159,497,1279,502
23551.bmp,0,465,1038,477,1107,458,1164,483,1279,480
23601.bmp,0,516,613,479,1016,451,1085,430,1148,444,1279,439
23651.bmp,0,458,722,450,994,453,1062,430,1114,453,1279,455
23701.bmp,0,444,749,448,997,459,1072,442,1127,461,1279,466
23751.bmp,0,414,767,444,1013,462,1087,451,1148,475,1279,488
23801.bmp,0,378,643,459,803,475,1032,505,1088,493,1144,524,1279,540
24001.bmp,0,273,524,361,1279,571
24051.bmp,0,354,455,354,954,410,1178,448,1279,471
24101.bmp,0,396,418,361,742,367,1054,385,1279,414
24151.bmp,0,408,434,375,745,378,1075,395,1279,411
24201.bmp,0,350,328,360,666,399,984,451,1279,505
24251.bmp,0,314,399,338,772,396,1045,454,1279,516
24301.bmp,0,305,228,321,531,361,840,422,1103,486,1279,535
24351.bmp,0,236,502,366,854,476,1114,563,1279,629
24501.bmp,0,238,671,453,1022,578,1279,668
24551.bmp,0,435,1279,512
24601.bmp,0,475,626,453,1279,457
24651.bmp,0,404,655,455,1279,527
24701.bmp,0,403,549,422,1279,495
24751.bmp,0,406,499,422,887,448,1279,491
24801.bmp,0,389,394,406,667,424,1028,466,1279,504
24851.bmp,0,482,409,475,1017,464,1279,458
24901.bmp,0,392,477,426,975,472,1279,511
24951.bmp,0,429,398,430,699,433,1065,458,1279,473
25001.bmp,0,490,600,459,1279,436
25051.bmp,0,455,691,443,1279,453
25101.bmp,0,361,673,408,1279,494
25151.bmp,0,461,288,386,632,323,945,298,1279,298
25201.bmp,0,384,234,367,473,361,717,361,979,386,1279,422
25251.bmp,0,285,455,370,1060,519,1279,582
25301.bmp,0,272,300,309,662,372,1279,549
25351.bmp,0,359,352,386,783,430,1279,512
25401.bmp,0,451,312,437,721,433,1279,447
25451.bmp,0,508,385,472,791,442,1279,422
25501.bmp,0,461,570,442,1279,442
25551.bmp,0,457,1279,475
25601.bmp,0,451,1279,505
25651.bmp,0,255,1279,704
25801.bmp,0,265,461,371,508,395,1279,650
25851.bmp,0,462,428,433,500,432,561,442,954,443,1279,454
25901.bmp,0,419,504,384,549,392,1279,446
25951.bmp,0,386,458,377,533,384,574,397,960,440,1279,494
26001.bmp,0,357,470,381,542,390,591,411,913,459,1279,529
26051.bmp,0,371,40,374,78,386,510,403,591,408,621,421,1279,509
26101.bmp,0,410,39,403,99,419,533,406,604,408,639,417,1279,469
26151.bmp,0,411,26,403,84,419,503,411,567,408,648,430,1062,458,1279,480
26351.bmp,0,175,868,531,899,533,931,559,1190,690,1279,723
26401.bmp,0,366,627,428,1279,537
26451.bmp,0,422,389,437,1026,459,1088,473,1279,491
26501.bmp,0,385,466,421,990,476,1052,471,1100,488,1279,516
26551.bmp,0,413,649,442,1017,469,1093,455,1139,475,1279,493
26601.bmp,0,442,564,444,1035,451,1108,436,1169,457,1279,461
26651.bmp,0,461,675,454,1020,453,1109,437,1166,454,1279,458
26701.bmp,0,403,542,425,1008,464,1088,447,1147,473,1279,486
26751.bmp,0,464,519,443,1047,444,1116,421,1180,442,1279,447
26801.bmp,0,389,484,413,1038,469,1117,459,1158,479,1279,501
26851.bmp,0,444,619,433,1079,440,1144,426,1196,443,1279,450
26901.bmp,0,482,1075,440,1146,424,1213,442,1279,444
26951.bmp,0,413,541,440,1021,483,1108,471,1164,495,1279,505
27001.bmp,0,428,509,414,827,419,1048,436,1139,419,1197,446,1279,447
27051.bmp,0,502,570,453,1012,430,1084,406,1148,426,1279,422
27101.bmp,0,414,536,446,1026,477,1086,464,1151,486,1279,494
27151.bmp,0,368,567,446,1070,527,1146,516,1212,549,1279,559
27201.bmp,0,316,549,422,1072,546,1168,549,1222,588,1279,603
27351.bmp,0,180,676,475,1279,751
27401.bmp,0,428,1279,529
27451.bmp,0,482,770,459,1279,458
27501.bmp,0,401,711,461,1279,529
27551.bmp,0,354,702,453,1279,555
27601.bmp,0,418,601,447,1279,508
27651.bmp,0,425,420,437,992,479,1279,502
27701.bmp,0,102,643,439,1279,814
27851.bmp,0,284,649,453,1123,585,1279,632
27901.bmp,0,372,541,415,1055,483,1279,522
27951.bmp,0,378,427,390,928,430,1279,484
28001.bmp,0,396,495,400,805,418,1122,450,1279,469
28051.bmp,0,403,499,430,868,465,1279,508
28101.bmp,0,403,477,432,918,473,1279,512
28151.bmp,0,418,461,428,884,450,1279,484
28201.bmp,0,381,384,370,713,378,1098,419,1279,450
28251.bmp,0,400,250,384,612,381,983,400,1279,430
28301.bmp,0,447,267,415,596,384,959,384,1279,397
28351.bmp,0,359,348,366,659,392,1012,439,1279,488
28401.bmp,0,319,242,341,598,392,980,469,1279,542
28451.bmp,0,337,408,417,996,538,1279,595
28501.bmp,0,527,623,468,1279,410
28551.bmp,0,493,735,468,1279,450
28601.bmp,0,491,898,453,1279,442
28651.bmp,0,447,270,502,607,555,757,569,858,588,1279,599
28701.bmp,0,345,449,342,783,367,1049,407,1279,455
28751.bmp,0,502,423,466,759,442,1279,422
28801.bmp,0,502,497,475,974,453,1279,437
28851.bmp,0,475,1279,455
28901.bmp,0,443,620,407,880,403,1279,422
28951.bmp,0,171,287,237,773,403,1069,535,1279,638
29151.bmp,0,388,533,421,586,437,1279,517
29201.bmp,0,425,462,401,540,403,579,411,941,422,1279,450
29251.bmp,0,410,444,408,518,408,565,421,897,444,1279,484
29301.bmp,0,386,538,403,598,419,990,458,1279,500
29351.bmp,0,343,571,407,619,426,1003,483,1279,537
29401.bmp,0,386,583,417,638,433,967,464,1279,504
29451.bmp,0,419,600,407,654,419,992,430,1279,447
29501.bmp,0,118,148,157,244,212,577,357,586,354,700,425,986,582,1279,763
29701.bmp,0,274,298,342,763,458,1279,602
29751.bmp,0,414,558,454,1004,486,1068,482,1119,497,1279,512
29801.bmp,0,419,579,457,1018,482,1078,469,1143,491,1279,501
29851.bmp,0,436,527,428,838,436,1047,442,1110,425,1166,450,1279,455
29901.bmp,0,483,645,462,1046,459,1113,435,1163,453,1279,454
29951.bmp,0,464,637,446,1004,447,1076,428,1132,447,1279,448
30001.bmp,0,413,641,422,1046,454,1116,436,1185,464,1279,475
30051.bmp,0,388,418,378,876,396,1068,415,1122,408,1171,433,1279,448
30101.bmp,0,397,549,384,1053,411,1128,399,1170,419,1279,436
30151.bmp,0,381,637,406,1024,448,1086,435,1147,466,1279,490
30201.bmp,0,375,1067,504,1148,494,1207,524,1279,533
30251.bmp,0,436,609,428,1082,439,1192,419,1236,442,1279,453
30301.bmp,0,483,611,428,1084,406,1148,386,1212,404,1279,407
30351.bmp,0,505,546,450,1082,410,1146,390,1200,404,1279,403
30401.bmp,0,475,434,440,1032,408,1099,389,1169,404,1279,406
30451.bmp,0,397,543,410,924,430,1279,466
30501.bmp,0,424,502,425,1037,444,1100,433,1165,451,1279,459
30551.bmp,0,276,673,436,1279,592
30701.bmp,0,259,1279,678
30751.bmp,0,419,445,442,1279,519
30801.bmp,0,389,543,439,990,498,1279,538
30851.bmp,0,403,479,424,867,462,1279,508
30901.bmp,0,392,382,413,869,471,1279,529
30951.bmp,0,386,348,413,731,458,1033,500,1279,537
31001.bmp,0,475,449,464,857,469,1279,473
31051.bmp,0,498,362,479,775,473,1279,462
31101.bmp,0,201,301,317,653,464,933,592,1279,745
31251.bmp,0,250,271,323,665,439,1013,552,1279,643
31301.bmp,0,433,364,429,840,439,1279,466
31351.bmp,0,367,330,381,696,410,1055,459,1279,495
31401.bmp,0,370,352,371,685,393,1013,433,1279,473
31451.bmp,0,389,280,392,670,411,998,447,1279,482
31501.bmp,0,356,283,377,613,411,955,462,1279,516
31551.bmp,0,374,347,407,757,458,1279,537
31601.bmp,0,469,338,455,755,446,1279,448
31651.bmp,0,465,392,466,809,469,1279,477
31701.bmp,0,516,570,490,1279,450
31751.bmp,0,459,513,458,1044,464,1279,472
31801.bmp,0,436,589,471,1279,513
31851.bmp,0,425,490,453,1279,506
31901.bmp,0,685,547,466,1279,230
32001.bmp,0,541,759,465,1279,419
32051.bmp,0,185,661,500,1279,787
32151.bmp,0,129,665,461,1279,787
32201.bmp,0,480,535,461,1279,454
32251.bmp,0,494,678,450,1279,428
32301.bmp,0,447,497,436,938,439,1279,454
32351.bmp,0,508,537,426,1011,378,1279,367
32401.bmp,0,290,429,378,911,497,1279,609
32551.bmp,0,240,497,338,537,361,801,432,1039,508,1279,599
32601.bmp,0,395,427,397,496,400,553,417,873,436,1279,475
32651.bmp,0,379,511,392,557,406,919,439,1279,483
32701.bmp,0,379,545,413,591,426,861,455,1112,488,1279,511
32751.bmp,0,360,557,415,601,433,898,473,1149,511,1279,537
32801.bmp,0,395,595,399,639,408,1015,436,1279,466
32851.bmp,0,408,583,371,622,378,1035,386,1279,410
32901.bmp,0,370,570,390,610,404,1082,458,1279,491
32951.bmp,0,316,576,381,617,397,1279,546
33151.bmp,0,301,673,476,920,538,977,534,1051,576,1279,627
33201.bmp,0,472,620,439,976,425,1030,414,1076,428,1279,430
33251.bmp,0,464,561,406,896,395,964,372,1010,396,1279,392
33301.bmp,0,392,591,386,926,403,990,390,1046,414,1279,442
33351.bmp,0,350,444,360,964,428,1054,418,1126,450,1279,480
33401.bmp,0,328,330,363,743,429,1012,479,1074,473,1132,505,1279,541
33451.bmp,0,453,288,428,605,410,833,403,1030,400,1088,382,1140,403,1279,408
33501.bmp,0,400,363,393,608,392,869,400,995,411,1065,397,1117,421,1279,442
33551.bmp,0,303,491,374,794,433,986,475,1048,472,1100,502,1279,546
33601.bmp,0,262,204,287,549,367,962,473,1089,517,1159,519,1211,559,1279,581
33651.bmp,0,392,492,414,864,444,1111,483,1201,469,1279,502
33701.bmp,0,576,1079,389,1149,360,1215,370,1279,367
33751.bmp,0,480,554,442,1080,430,1138,408,1215,426,1279,430
33801.bmp,0,457,521,426,1038,424,1108,400,1180,422,1279,428
33851.bmp,0,367,356,368,689,385,1025,418,1092,407,1151,435,1279,457
33901.bmp,0,388,441,403,796,426,1047,454,1114,446,1169,471,1279,487
33951.bmp,0,371,394,397,707,428,1074,477,1134,469,1193,494,1279,519
34001.bmp,0,400,323,408,611,419,914,444,1101,464,1182,447,1279,483
34051.bmp,0,348,358,397,685,451,1088,533,1163,519,1230,560,1279,566
34251.bmp,0,360,691,494,1279,607
34301.bmp,0,363,465,430,956,517,1279,569
34351.bmp,0,458,607,461,1029,473,1279,486
34401.bmp,0,447,495,444,901,454,1279,476
34451.bmp,0,410,386,411,697,433,1085,469,1279,495
34501.bmp,0,419,430,415,824,433,1279,479
34551.bmp,0,411,355,403,657,414,952,437,1279,475
34601.bmp,0,140,527,361,864,529,1279,741
34751.bmp,0,324,604,447,992,541,1279,593
34801.bmp,0,453,521,465,1279,491
34851.bmp,0,455,1279,479
34901.bmp,0,371,626,439,1279,534
34951.bmp,0,410,454,429,969,471,1279,502
35001.bmp,0,415,545,458,1279,524
35051.bmp,0,486,675,483,1279,472
35101.bmp,0,447,637,453,1279,483
35151.bmp,0,399,1279,537
35201.bmp,0,392,306,406,771,446,1279,509
35251.bmp,0,414,471,433,813,453,1279,491
35301.bmp,0,464,473,477,916,487,1279,493
35351.bmp,0,406,457,483,631,505,1062,571,1279,593
35401.bmp,0,397,606,447,1279,516
35451.bmp,0,516,498,453,860,407,1279,384
35501.bmp,0,509,389,469,791,436,1279,408
35551.bmp,0,411,449,408,833,419,1279,462
35601.bmp,0,354,309,359,601,375,939,411,1279,468
35651.bmp,0,379,375,378,713,397,1060,433,1279,466
35701.bmp,0,353,246,361,538,389,874,437,1279,505
35751.bmp,0,372,400,377,806,406,1279,468
35801.bmp,0,406,350,377,675,368,1055,392,1279,411
35851.bmp,0,442,408,419,795,410,1279,422
35901.bmp,0,343,833,476,1279,558
35951.bmp,0,187,664,450,1279,721
36051.bmp,0,104,343,254,413,292,454,330,1279,798
36101.bmp,0,367,499,426,538,448,1033,520,1279,555
36151.bmp,0,439,517,440,557,451,1279,472
36201.bmp,0,395,523,415,577,428,951,455,1279,491
36251.bmp,0,363,493,407,551,414,581,429,1004,491,1279,535
36301.bmp,0,400,522,411,572,424,884,453,1138,477,1279,494
36351.bmp,0,400,562,417,605,430,1080,477,1279,497
36401.bmp,0,388,595,419,639,433,1026,472,1279,501
36451.bmp,0,422,614,429,661,442,1054,464,1279,477
36501.bmp,0,370,619,428,663,447,1279,540
36701.bmp,0,252,675,439,896,509,945,509,1279,625
36751.bmp,0,411,757,447,949,464,1018,450,1090,476,1279,494
36801.bmp,0,406,737,437,939,447,1002,439,1052,461,1279,477
36851.bmp,0,401,681,466,997,502,1064,487,1106,509,1279,533
36901.bmp,0,450,561,459,1038,473,1098,455,1138,479,1279,482
36951.bmp,0,498,647,443,1024,422,1094,399,1148,415,1279,411
37001.bmp,0,422,618,414,1041,439,1120,419,1164,447,1279,459
37051.bmp,0,419,503,421,797,437,996,451,1068,437,1124,464,1279,477
37101.bmp,0,258,294,281,719,360,1024,450,1078,444,1131,480,1279,530
37151.bmp,0,555,469,455,827,390,1028,366,1097,331,1167,339,1279,337
37201.bmp,0,377,439,381,723,396,1034,433,1096,422,1150,451,1279,466
37251.bmp,0,267,489,343,839,421,1046,482,1102,480,1168,522,1279,562
37301.bmp,0,334,243,345,476,370,736,410,1096,483,1156,475,1210,512,1279,529
37351.bmp,0,447,348,415,694,404,1100,411,1172,395,1225,417,1279,425
37401.bmp,0,504,461,430,778,397,1078,381,1148,353,1204,368,1279,371
37451.bmp,0,443,427,428,829,430,1053,436,1114,422,1170,439,1279,447
37501.bmp,0,421,666,435,1062,458,1122,446,1174,469,1279,483
37551.bmp,0,444,571,439,880,444,1050,446,1124,428,1193,450,1279,454
37601.bmp,0,353,444,411,848,472,1049,511,1118,497,1182,533,1279,556
37801.bmp,0,254,597,414,1079,571,1279,635
37851.bmp,0,464,438,439,701,442,1087,453,1279,461
37901.bmp,0,490,483,455,886,447,1279,442
37951.bmp,0,417,566,442,964,472,1279,502
38001.bmp,0,343,457,418,954,520,1279,589
38051.bmp,0,419,481,442,1000,491,1279,522
38101.bmp,0,458,551,466,966,483,1279,497
38151.bmp,0,248,531,422,978,591,1279,693
38301.bmp,0,198,795,516,1279,715
38351.bmp,0,451,633,479,1279,511
38401.bmp,0,459,707,458,1279,472
38451.bmp,0,419,617,439,1279,490
38501.bmp,0,401,705,466,1279,531
38551.bmp,0,419,640,466,1279,526
38601.bmp,0,459,665,459,1279,486
38651.bmp,0,497,714,469,1279,457
38701.bmp,0,446,701,442,1279,461
38751.bmp,0,375,632,418,1279,511
38801.bmp,0,401,573,396,855,408,1279,450
38851.bmp,0,424,390,395,672,378,1019,389,1279,415
38901.bmp,0,486,90,494,438,553,603,558,757,566,957,580,1219,576,1279,576
38951.bmp,0,397,499,404,839,419,1279,465
39001.bmp,0,313,339,328,765,390,1279,508
39051.bmp,0,292,380,331,835,411,1279,531
39101.bmp,0,442,783,447,1279,471
39151.bmp,0,578,767,430,1279,346
39201.bmp,0,515,453,497,636,488,711,487,1279,457
39251.bmp,0,490,644,464,1279,451
39301.bmp,0,469,607,440,1279,437
39351.bmp,0,379,557,410,1060,464,1279,494
39401.bmp,0,349,571,417,1279,544
39451.bmp,0,368,627,411,1279,501
39501.bmp,0,317,515,370,952,450,1279,527
39651.bmp,0,78,422,262,465,299,752,450,1279,781
39701.bmp,0,301,458,353,521,367,561,384,989,486,1279,563
39751.bmp,0,417,549,370,595,375,965,379,1279,403
39801.bmp,0,352,512,359,552,371,985,421,1279,477
39851.bmp,0,314,556,350,597,364,898,411,1279,494
39901.bmp,0,316,621,359,665,377,899,414,1149,461,1279,497
39951.bmp,0,356,98,325,170,339,646,317,707,334,994,366,1279,419
40001.bmp,0,397,587,392,638,403,982,425,1279,458
40051.bmp,0,187,90,187,130,219,619,364,656,392,934,508,1068,566,1146,607,1279,676
40201.bmp,0,111,484,343,854,541,945,584,1279,761
40251.bmp,0,331,443,395,936,483,1002,477,1050,500,1279,548
40301.bmp,0,372,619,422,974,472,1036,458,1109,494,1279,513
40351.bmp,0,399,509,429,1016,482,1084,471,1146,497,1279,513
40401.bmp,0,392,517,430,973,480,1052,464,1092,490,1279,515
40451.bmp,0,450,566,439,1008,440,1076,421,1157,447,1279,453
40501.bmp,0,457,608,446,1012,447,1076,430,1135,447,1279,457
40551.bmp,0,455,683,448,995,455,1072,433,1144,458,1279,466
40601.bmp,0,400,588,442,1026,488,1088,475,1152,502,1279,516
40651.bmp,0,414,489,430,848,453,1038,469,1105,453,1161,475,1279,491
40701.bmp,0,447,526,442,1027,450,1100,433,1154,454,1279,459
40751.bmp,0,473,431,461,885,462,1024,465,1107,437,1160,461,1279,455
40801.bmp,0,396,497,422,888,455,1054,476,1121,464,1191,491,1279,497
40851.bmp,0,443,342,422,729,403,1062,411,1131,393,1205,417,1279,418
40901.bmp,0,294,456,352,765,404,1049,469,1131,476,1185,506,1279,535
40951.bmp,0,476,471,378,825,343,1069,332,1136,309,1189,325,1279,334
41001.bmp,0,490,374,442,749,414,989,406,1072,374,1132,392,1279,399
41051.bmp,0,353,439,401,728,430,942,475,1015,458,1086,491,1279,524
41101.bmp,0,243,469,320,822,399,1027,469,1095,469,1158,516,1279,558
41301.bmp,0,295,626,439,1095,574,1279,618
41351.bmp,0,444,655,466,1279,505
41401.bmp,0,418,696,462,1279,517
41451.bmp,0,430,613,465,1279,516
41501.bmp,0,366,621,447,1279,560
41551.bmp,0,450,577,464,1279,504
41601.bmp,0,497,565,471,1279,455
41651.bmp,0,294,539,410,976,519,1279,595
41851.bmp,0,375,552,451,1279,566
41901.bmp,0,418,388,404,813,414,1279,453
41951.bmp,0,433,455,397,926,400,1279,428
42001.bmp,0,316,548,407,1022,495,1279,555
42051.bmp,0,255,593,440,1016,581,1279,668
42101.bmp,0,506,707,476,1279,446
42151.bmp,0,516,589,472,1279,435
42201.bmp,0,488,731,464,1279,453
42251.bmp,0,475,784,475,1279,475
42301.bmp,0,413,674,466,1279,527
42351.bmp,0,448,649,480,1279,511
42401.bmp,0,442,637,483,1279,513
42451.bmp,0,342,445,359,784,397,1279,494
42501.bmp,0,580,1279,371
42551.bmp,0,541,674,447,1279,385
42601.bmp,0,450,478,418,847,408,1279,422
42651.bmp,0,414,294,382,617,363,1002,374,1279,403
42701.bmp,0,287,305,280,670,303,1011,364,1279,433
42751.bmp,0,229,230,222,473,237,691,263,947,323,1279,439
42801.bmp,0,284,317,263,605,273,898,316,1076,356,1279,417
42851.bmp,0,287,298,256,601,259,833,285,1091,335,1279,392
42901.bmp,0,287,288,270,580,283,845,321,1084,378,1279,437
43101.bmp,0,236,459,296,505,317,860,424,1100,508,1279,582
43151.bmp,0,411,487,407,533,422,840,447,1279,491
43201.bmp,0,385,78,381,519,406,564,422,974,464,1279,500
43251.bmp,0,399,521,433,579,447,912,479,1279,517
43301.bmp,0,367,572,414,615,426,1018,483,1279,522
43351.bmp,0,404,577,400,632,408,976,428,1279,453
43401.bmp,0,367,569,342,615,350,918,372,1112,389,1279,417
43451.bmp,0,319,579,303,626,314,882,342,1145,389,1279,422
43501.bmp,0,99,134,114,226,140,676,309,719,342,861,408,1029,497,1138,560,1190,593,1279,658
43701.bmp,0,135,164,196,372,281,533,352,645,411,952,558,975,552,1038,577,1279,707
43751.bmp,0,406,435,418,731,432,1027,457,1133,448,1193,461,1279,466
43801.bmp,0,486,289,439,573,411,862,395,1048,382,1113,363,1172,374,1204,359,1279,367
43851.bmp,0,462,626,447,982,442,1076,422,1131,437,1165,426,1279,430
43901.bmp,0,327,609,428,958,493,1029,494,1091,527,1116,511,1279,558
43951.bmp,0,343,499,414,1006,505,1079,500,1149,527,1180,513,1279,544
44001.bmp,0,418,499,436,797,447,1068,469,1141,454,1210,472,1234,461,1279,464
44051.bmp,0,477,192,451,465,421,749,395,1028,390,1113,367,1186,375,1212,366,1279,364
44101.bmp,0,444,350,384,603,356,843,341,984,345,1052,323,1146,339,1194,331,1279,339
44151.bmp,0,229,270,248,607,316,879,392,977,422,1050,426,1116,473,1124,462,1279,522
44201.bmp,0,132,236,182,601,285,880,395,1038,473,1105,484,1167,530,1198,535,1279,589
44251.bmp,0,306,434,320,737,361,1002,413,1141,447,1219,444,1279,469
44301.bmp,0,455,472,392,764,367,1032,367,1186,372,1279,348
44351.bmp,0,462,322,414,617,384,764,371,1176,367,1243,345,1279,350
44401.bmp,0,530,190,494,549,442,891,406,1071,389,1142,359,1216,364,1234,353,1279,349
44451.bmp,0,407,427,397,687,400,940,415,1066,424,1135,406,1202,430,1229,419,1279,426
44501.bmp,0,345,549,382,880,430,1093,472,1181,469,1279,502
44551.bmp,0,343,370,349,645,368,849,393,1061,433,1186,458,1279,453
44601.bmp,0,458,274,411,535,377,791,356,1042,350,1137,356,1214,337,1279,350
44651.bmp,0,425,288,370,527,342,772,330,971,327,1131,332,1197,319,1279,332
44701.bmp,0,440,354,384,539,361,744,349,975,348,1076,350,1162,330,1279,354
44751.bmp,0,328,316,354,653,395,954,447,1052,466,1128,459,1192,487,1214,483,1279,500
44801.bmp,0,142,268,237,595,372,822,471,1030,576,1122,605,1183,631,1222,664,1244,663,1279,682
44851.bmp,0,397,408,417,805,450,1058,476,1279,506
44901.bmp,0,574,677,442,1064,381,1279,331
44951.bmp,0,493,533,450,840,429,1120,422,1202,396,1279,411
45001.bmp,0,85,637,425,899,585,1008,643,1122,723,1210,751,1279,812
45101.bmp,0,149,417,323,767,494,970,582,1065,632,1279,736
45151.bmp,0,415,490,411,1279,461
45201.bmp,0,371,437,350,682,353,1038,382,1279,413
45251.bmp,0,430,499,411,885,417,1279,436
45301.bmp,0,339,366,353,741,386,1153,458,1279,491
45351.bmp,0,302,238,325,521,368,764,413,1017,468,1279,535
45401.bmp,0,323,232,341,447,367,711,411,1008,466,1279,527
45451.bmp,0,458,424,444,759,439,1108,442,1279,448
45501.bmp,0,527,384,471,803,425,1279,389
45551.bmp,0,442,404,440,919,451,1279,466
45601.bmp,0,384,286,386,600,403,940,435,1279,477
45651.bmp,0,204,352,309,792,454,1079,563,1279,649
45801.bmp,0,201,329,280,658,378,1091,538,1279,616
45851.bmp,0,338,289,352,659,392,988,442,1279,497
45901.bmp,0,363,298,377,667,413,970,450,1279,501
45951.bmp,0,392,458,418,905,461,1151,488,1279,505
46001.bmp,0,325,397,397,902,497,1052,527,1279,582
46051.bmp,0,396,514,396,941,424,1168,442,1279,459
46101.bmp,0,535,339,453,695,386,1046,334,1279,313
46151.bmp,0,486,290,442,607,411,915,386,1020,377,1279,374
46201.bmp,0,372,405,350,798,360,912,367,1279,413
46251.bmp,0,269,392,328,849,433,994,469,1279,562
46301.bmp,0,254,308,302,698,393,1016,480,1279,563
46351.bmp,0,317,459,360,861,425,1100,480,1132,477,1279,513
46401.bmp,0,436,361,406,694,390,1016,390,1102,395,1135,388,1279,399
46451.bmp,0,515,307,471,567,439,819,410,1072,389,1107,378,1279,371
46501.bmp,0,432,439,411,679,414,1018,422,1079,414,1279,430
46551.bmp,0,372,347,375,671,393,1069,436,1089,432,1279,461
46601.bmp,0,361,319,345,641,354,958,381,1065,393,1090,390,1279,425
46651.bmp,0,443,316,428,594,424,948,426,1040,419,1144,425,1279,433
46701.bmp,0,291,486,364,831,435,970,466,1014,468,1279,546
46751.bmp,0,312,322,328,601,359,898,404,1049,432,1091,433,1279,482
46801.bmp,0,439,521,395,529,400,601,396,650,392,1086,389,1124,382,1279,390
46851.bmp,0,477,196,461,204,453,226,447,229,455,348,448,360,444,373,444,376,450,443,447,447,439,498,432,503,439,581,440,586,435,631,428,1052,407,1083,403,1279,400
46901.bmp,0,381,84,379,90,370,120,367,121,377,262,375,267,372,285,372,286,378,363,375,363,370,419,370,421,377,502,381,505,378,769,384,774,390,976,406,1026,404,1107,410,1137,421,1279,442
46951.bmp,0,364,76,364,76,353,110,352,110,361,363,375,396,367,428,367,433,375,514,382,605,382,798,393,801,400,994,422,1010,415,1279,461
47001.bmp,0,372,22,379,98,378,146,364,146,375,427,389,429,385,489,384,489,392,577,401,579,395,889,406,890,413,1041,430,1122,426,1279,453
47051.bmp,0,375,80,372,82,367,110,364,112,372,413,377,418,372,476,371,481,379,566,386,575,381,833,397,912,389,912,395,1056,417,1197,426,1279,444
47101.bmp,0,393,22,393,22,386,52,378,54,388,379,390,380,388,444,388,447,393,537,397,539,392,827,408,828,403,915,400,924,403,1040,417,1163,424,1279,444
47151.bmp,0,363,9,364,10,372,354,386,362,379,423,379,428,389,520,393,527,386,839,414,840,403,958,400,1068,426,1174,437,1208,448,1279,454
47201.bmp,0,368,307,381,319,374,378,377,382,384,478,392,479,381,834,414,833,403,952,399,1006,413,1038,406,1178,447,1193,444,1279,459
47251.bmp,0,384,242,389,243,384,311,378,316,388,414,392,418,384,804,408,805,396,939,386,1026,408,1033,415,1100,426,1106,397,1152,393,1200,403,1197,435,1279,447
47301.bmp,0,372,259,389,262,384,340,381,340,392,440,397,443,395,861,425,862,406,1038,401,1116,426,1122,443,1213,451,1214,442,1279,433
47351.bmp,0,370,113,382,122,378,142,379,142,385,224,395,228,385,298,385,307,397,410,406,413,397,883,443,884,430,876,424,878,418,1098,421,1168,453,1168,472,1279,484
47401.bmp,0,375,180,384,188,378,214,378,216,384,294,388,294,371,302,379,372,379,376,386,482,392,483,389,1016,425,1018,408,1010,404,1010,397,1279,396
47451.bmp,0,390,266,397,271,392,298,390,302,400,378,399,378,392,451,389,458,395,567,400,566,392,1191,419,1193,403,1183,403,1183,395,1279,390
47501.bmp,0,364,248,384,250,377,281,378,299,359,298,381,361,388,365,379,448,384,451,392,554,400,557,392,976,433,1101,446,1126,439,1279,461
47551.bmp,0,360,237,357,244,328,252,349,276,353,278,360,350,360,356,348,431,350,435,359,549,364,551,353,1098,400,1171,400,1279,418
47601.bmp,0,342,190,361,193,337,200,331,200,356,221,361,230,359,261,361,262,370,340,375,343,364,420,368,420,377,535,395,540,386,1089,461,1148,461,1279,486
47651.bmp,0,395,164,390,180,357,178,390,235,392,244,381,272,381,274,389,355,392,357,384,439,378,440,389,553,389,557,381,1109,414,1168,408,1279,422
47701.bmp,0,359,433,375,451,348,454,375,531,385,540,378,565,378,567,385,645,392,651,384,727,386,729,395,842,407,845,400,1279,453
47751.bmp,0,370,262,371,627,389,898,426,912,396,916,428,1002,444,1006,437,1040,440,1039,447,1116,461,1123,450,1204,457,1210,469,1279,477
47801.bmp,0,377,353,379,708,395,1005,433,1030,395,1037,395,1032,437,1103,447,1104,439,1136,442,1136,450,1217,464,1221,454,1279,455
47851.bmp,0,353,24,353,26,368,491,390,1279,446
47901.bmp,0,353,155,356,157,368,541,389,987,425,1279,451
47951.bmp,0,342,243,349,248,366,638,393,1279,457
48001.bmp,0,337,269,350,269,364,687,404,1279,475
48051.bmp,0,339,252,349,254,363,886,425,1279,472
48101.bmp,0,334,224,339,224,352,647,389,1279,476
48151.bmp,0,328,120,330,128,334,129,350,546,390,1279,480
48201.bmp,0,317,34,327,34,346,399,370,886,418,1232,469,1279,471
48251.bmp,0,367,376,393,1042,455,1217,476,1279,480
48301.bmp,0,363,346,370,379,377,866,417,1279,458
48351.bmp,0,361,324,370,358,375,686,400,1279,468
48401.bmp,0,353,351,367,428,379,923,428,1279,475
48451.bmp,0,359,240,364,292,372,665,403,1279,468
48501.bmp,0,354,266,363,301,368,847,417,1279,468
48551.bmp,0,353,332,367,349,370,907,425,1279,475
48601.bmp,0,346,280,361,347,370,908,428,1279,477
48651.bmp,0,364,352,371,743,401,1279,458
48701.bmp,0,354,173,359,315,370,651,397,1279,469
48751.bmp,0,342,304,360,400,372,962,436,1279,482
48801.bmp,0,349,195,356,236,361,735,400,1279,462
48851.bmp,0,339,457,317,892,339,1062,361,1200,374,1279,395
48901.bmp,0,327,107,327,149,332,441,350,731,385,1121,444,1279,466
48951.bmp,0,386,181,392,201,397,429,414,434,403,441,414,1279,472
49001.bmp,0,447,414,451,416,440,422,451,868,455,1279,447
49051.bmp,0,395,437,381,450,357,455,381,885,386,889,363,894,386,1279,415
49101.bmp,0,418,312,401,332,356,352,396,924,392,928,361,934,389,1279,400
49151.bmp,0,392,19,337,32,337,50,306,70,321,58,361,62,395,391,384,912,386,920,349,930,388,1279,406
49201.bmp,0,415,507,414,910,424,924,378,930,425,1279,439
49251.bmp,0,389,431,379,1076,410,1102,414,1114,354,1114,411,1279,429
49301.bmp,0,378,416,374,1138,426,1148,428,1164,367,1162,428,1279,440
49351.bmp,0,389,561,397,1054,435,1279,453
49401.bmp,0,404,617,403,1109,437,1279,451