00001.bmp,0,215,118,192,307,207,337,219,522,218,680,235,920,256,1279,312
00051.bmp,0,214,228,204,310,222,581,224,657,234,807,238,1279,302
00101.bmp,0,226,21,228,105,210,216,212,298,214,344,229,455,229,613,229,681,243,847,249,1001,270,1017,256,1039,273,1279,308
00151.bmp,0,207,34,212,157,196,217,206,303,203,375,224,557,224,639,230,735,243,875,254,1187,303,1212,296,1279,309
00201.bmp,0,239,50,239,65,248,187,224,335,229,396,243,661,243,732,254,907,258,1279,300
00251.bmp,0,246,106,239,172,245,239,236,292,245,384,242,455,263,710,269,797,282,951,285,1279,324
00301.bmp,0,345,391,350,485,374,736,360,822,365,1279,352
00351.bmp,0,325,78,344,952,483,1279,483
00401.bmp,0,285,53,294,161,273,327,271,389,286,653,271,792,279,984,278,1279,292
00451.bmp,0,367,65,363,86,371,340,345,421,360,621,339,798,333,1279,295
00551.bmp,0,358,50,365,102,381,387,381,513,391,856,377,892,382,1279,360
00601.bmp,0,339,79,314,131,310,325,232,443,200,843,113,903,113,1087,96,1279,86
00651.bmp,0,496,487,338,1279,124
00701.bmp,0,567,221,555,598,493,869,420,1153,322,1279,265
00751.bmp,0,493,159,504,355,500,449,487,497,491,570,483,973,418,1279,341
00801.bmp,0,489,268,422,437,370,492,365,937,243,1279,161
00901.bmp,0,412,119,412,143,420,264,417,494,400,599,396,745,379,1103,342,1279,320
00951.bmp,0,253,69,266,77,273,637,331,726,341,1197,394,1279,403
01201.bmp,0,52,299,182,357,188,412,225,497,250,547,291,645,326,740,362,875,421,985,472,1279,583
01401.bmp,0,32,499,170,723,249,748,250,1049,369,1081,389,1125,406,1203,434,1279,470
01451.bmp,0,92,354,181,942,367,969,367,1095,406,1165,437,1279,479
01501.bmp,0,178,632,335,743,362,936,404,959,404,1018,416,1279,475
01601.bmp,0,135,267,100,531,96,813,125,1077,178,1180,214,1217,212,1279,235
01651.bmp,0,114,335,155,599,208,865,278,1168,371,1186,371,1279,400
01701.bmp,0,19,427,151,689,245,922,345,1060,412,1246,503,1279,508
01751.bmp,0,204,639,330,1037,411,1279,459
01801.bmp,0,45,614,353,777,428,1279,651
01851.bmp,0,198,553,280,963,358,1151,398,1279,429
01901.bmp,0,243,297,324,568,388,597,394,1008,474,1279,514
01951.bmp,0,56,287,231,601,398,883,529,1241,685,1279,690
02001.bmp,0,267,425,282,809,312,1104,339,1279,365
02051.bmp,0,223,282,314,598,400,972,483,1279,537
02101.bmp,0,362,195,396,1123,451,1279,451
02151.bmp,0,400,216,437,426,458,1053,465,1279,445
02201.bmp,0,440,137,467,407,497,610,503,731,506,974,493,1148,473,1279,447
02251.bmp,0,471,163,482,303,487,453,485,553,481,1239,394,1279,388
02301.bmp,0,174,651,323,1011,416,1279,479
02601.bmp,0,113,37,118,99,147,163,162,176,157,221,169,236,165,251,176,359,198,434,220,721,291,735,290,843,326,856,335,1099,407,1279,470
02651.bmp,0,49,56,46,133,64,195,64,214,58,252,62,265,57,299,64,396,73,412,67,480,86,654,111,776,138,803,141,893,170,907,181,1093,248,1279,326
02701.bmp,0,34,39,47,65,47,121,58,188,94,243,106,262,101,304,115,317,111,339,121,431,147,452,147,522,178,795,266,875,288,927,323,1137,409,1279,474
02751.bmp,0,210,104,200,185,215,314,200,461,198,577,210,832,223,841,222,922,227,966,240,1279,292
02801.bmp,0,131,59,164,142,194,193,239,311,277,446,328,508,360,601,395,901,484,911,499,1279,602
02851.bmp,0,241,175,218,247,226,377,205,546,196,599,204,887,205,906,202,1001,204,1017,217,1279,246
02901.bmp,0,49,58,50,110,62,187,69,251,100,325,106,443,125,513,144,573,157,891,249,984,282,1006,300,1279,413
03001.bmp,0,194,63,206,81,210,189,212,257,229,329,232,396,261,656,292,744,312,1036,358,1051,355,1146,377,1167,392,1279,412
03051.bmp,0,161,60,161,85,169,197,149,271,160,341,159,413,181,557,186,667,198,745,206,1064,262,1182,291,1194,304,1279,329
03101.bmp,0,371,63,373,318,343,379,349,651,321,759,318,999,299,1038,288,1149,284,1171,290,1279,283
03151.bmp,0,509,35,510,153,465,212,461,275,437,352,440,477,401,609,368,727,341,973,265,1065,236,1113,238,1279,190
03201.bmp,0,614,33,597,87,554,154,529,211,492,288,473,347,439,430,392,599,311,777,232,935,148,999,133,1279,11
03251.bmp,0,628,59,612,115,610,234,554,352,514,473,469,735,349,845,310,1058,214,1279,98
03301.bmp,1279,691
03451.bmp,0,544,142,475,158,476,431,356,792,214,1279,51
03501.bmp,0,474,317,428,601,379,740,356,1279,251
03551.bmp,0,453,135,385,387,275,643,188,906,117,1128,74,1279,53
03601.bmp,0,382,112,367,367,338,739,300,1124,272,1279,266
03651.bmp,0,632,369,530,521,477,751,395,1077,259,1279,164
03701.bmp,0,532,370,448,599,390,737,353,1062,268,1279,204
03751.bmp,0,302,343,357,604,394,753,408,864,419,1154,442,1279,451
03801.bmp,0,538,401,456,596,405,743,372,1027,290,1279,216
03851.bmp,0,597,172,543,352,483,425,459,599,394,732,347,1009,243,1279,136
03901.bmp,0,642,276,552,501,471,751,369,1027,248,1279,129
04251.bmp,0,286,304,229,322,231,371,223,401,210,571,194,635,204,767,187,902,187,1279,206
04351.bmp,0,355,175,293,200,293,285,257,431,220,503,220,629,188,758,165,851,161,1175,124,1279,129
04401.bmp,0,195,95,194,111,198,203,186,301,193,366,196,435,211,574,214,753,234,1079,283,1100,284,1183,303,1207,317,1279,334
04451.bmp,0,386,139,381,161,388,397,371,473,385,607,369,735,360,809,361,1087,337,1183,324,1279,326
04501.bmp,0,214,81,210,135,200,163,209,256,192,399,196,479,213,613,209,737,219,814,226,1137,265,1226,278,1279,302
04551.bmp,0,300,19,304,116,285,141,290,231,268,389,260,461,267,591,254,724,251,825,254,1103,252,1136,247,1213,250,1279,270
04751.bmp,0,617,223,565,343,530,384,530,540,479,758,405,999,312,1279,186
04801.bmp,0,348,175,335,237,346,783,326,1279,310
04851.bmp,0,84,166,143,273,186,282,200,637,337,869,422,1279,577
05251.bmp,0,64,321,176,587,278,869,390,887,389,1186,508,1221,522,1235,539,1279,550
05301.bmp,0,171,614,355,749,390,869,420,1062,459,1279,514
05351.bmp,0,173,131,220,393,299,607,368,782,424,1030,489,1059,489,1279,536
05401.bmp,0,82,158,102,425,148,707,227,928,298,1141,378,1170,380,1279,426
05451.bmp,0,92,231,133,479,190,688,256,991,354,1121,404,1208,427,1279,455
05501.bmp,0,184,272,288,603,395,908,487,1279,573
05551.bmp,0,269,241,344,411,393,906,491,1279,535
05601.bmp,0,392,611,379,748,369,1279,341
05651.bmp,0,639,285,557,520,476,750,386,1000,288,1279,159
05951.bmp,0,352,99,371,120,368,492,404,513,400,599,410,747,410,962,401,1013,410,1079,410,1279,397
06001.bmp,0,283,96,272,117,265,199,256,259,262,371,237,511,223,529,218,601,220,899,200,990,198,1019,206,1279,223
06051.bmp,0,432,73,396,160,383,223,355,414,286,786,184,859,164,911,163,1107,126,1279,104
06101.bmp,0,359,38,364,98,362,311,357,437,363,609,359,757,353,813,363,1279,350
06151.bmp,0,333,48,347,189,331,308,336,341,331,446,335,787,323,834,330,1279,327
06201.bmp,0,260,42,262,177,223,315,202,705,170,783,165,829,175,1038,178,1279,206
06251.bmp,0,318,81,339,159,338,212,337,359,342,450,353,613,353,825,355,867,366,1279,373
06301.bmp,0,333,84,349,214,335,357,329,451,331,579,328,745,315,829,313,863,321,1279,316
06401.bmp,0,153,57,170,74,179,99,176,179,203,220,227,347,246,410,267,480,282,644,330,737,351,949,402,979,418,1101,449,1279,495
06451.bmp,0,204,47,200,130,223,151,223,223,236,273,260,386,278,411,278,731,342,929,373,1064,408,1279,451
06501.bmp,0,233,90,212,177,216,246,208,317,222,591,222,987,249,1105,270,1129,280,1279,300
06551.bmp,0,189,45,196,61,208,161,206,251,225,343,238,387,259,520,271,669,296,1026,367,1039,365,1140,384,1174,402,1279,429
06601.bmp,0,440,63,423,100,423,184,396,341,365,425,364,552,333,1051,241,1066,232,1165,216,1201,220,1279,210
07001.bmp,0,312,157,337,601,389,753,400,975,415,1279,431
07051.bmp,0,162,200,257,433,352,599,412,824,493,1007,548,1165,596,1279,621
07251.bmp,0,188,38,188,93,202,323,216,572,243,817,281,1047,322,1279,371
07301.bmp,0,361,33,349,91,351,153,342,403,298,587,277,825,252,1065,235,1279,224
07351.bmp,0,416,23,409,108,373,171,347,467,240,735,168,958,123,1147,95,1279,84
07401.bmp,0,472,168,389,243,355,433,282,675,198,859,147,1032,105,1183,76,1279,64
07451.bmp,0,414,125,368,265,326,523,259,830,194,1050,158,1279,143
07501.bmp,0,302,274,272,561,254,815,250,1088,261,1279,275
07551.bmp,0,139,243,147,482,172,725,212,921,257,1143,320,1279,364
07601.bmp,0,86,195,97,368,125,517,151,738,204,951,268,1128,333,1279,400
07651.bmp,0,76,189,92,370,122,473,138,663,185,861,243,1032,300,1159,353,1279,406
07701.bmp,0,197,211,195,393,200,617,217,841,244,1032,275,1279,330
07751.bmp,0,320,633,337,1279,355
07801.bmp,0,361,149,379,597,416,1279,418
07851.bmp,0,313,393,277,731,262,971,263,1164,271,1279,277
07901.bmp,0,231,331,160,589,137,823,135,1035,149,1279,192
07951.bmp,0,249,341,217,651,210,878,219,1074,237,1279,266
08001.bmp,0,247,315,230,519,227,771,237,997,256,1171,279,1279,296
08051.bmp,0,298,320,288,551,289,823,292,1062,302,1279,318
08101.bmp,0,213,260,230,492,251,707,278,905,308,1081,340,1279,379
08151.bmp,0,208,173,203,445,213,713,238,935,268,1147,310,1279,339
08201.bmp,0,324,325,313,590,309,831,309,1111,312,1279,318
08251.bmp,0,353,273,265,521,208,787,165,1049,144,1279,140
08351.bmp,0,528,255,410,371,365,768,220,1099,117,1279,72
08401.bmp,0,589,410,452,604,383,966,250,1279,140
08451.bmp,0,650,315,539,483,472,779,348,1065,219,1279,119
08501.bmp,0,559,251,413,399,340,697,206,987,99,1279,7
08551.bmp,0,422,241,288,500,182,705,114,941,58,1087,37,1279,25
08601.bmp,0,485,185,396,269,362,487,273,711,196,929,133,1143,87,1279,65
08651.bmp,0,557,247,483,611,373,1279,151
08701.bmp,0,622,229,567,519,477,799,377,1024,286,1221,196,1279,156
08751.bmp,0,510,221,412,305,375,545,286,767,211,991,145,1165,97,1175,88,1279,60
08801.bmp,0,267,368,152,599,113,843,93,1113,93,1131,90,1217,95,1279,108
08851.bmp,0,409,192,388,631,339,1076,286,1099,274,1279,255
08901.bmp,0,605,318,548,400,522,570,484,998,345,1013,324,1279,214
08951.bmp,0,610,255,512,409,456,608,375,900,258,913,242,1198,113,1279,84
09051.bmp,0,491,235,400,701,236,804,199,1045,132,1067,132,1141,104,1279,79
09101.bmp,0,602,199,542,450,459,604,391,730,345,896,277,921,273,955,257,981,240,1131,181,1203,171,1279,137
09151.bmp,0,495,383,447,601,390,742,366,766,360,781,363,861,338,1012,304,1082,306,1207,267,1279,255
09201.bmp,0,408,177,394,350,379,381,367,623,345,786,333,824,320,903,318,968,308,1048,320,1157,298,1279,292
09251.bmp,0,320,331,273,346,264,685,233,709,239,756,234,795,225,877,227,937,224,1007,238,1067,241,1138,232,1279,243
09301.bmp,0,310,267,269,305,257,639,218,662,227,755,208,907,210,973,225,1090,214,1224,225,1239,220,1279,229
09351.bmp,0,202,262,227,291,219,709,266,731,263,882,289,948,314,1071,328,1279,373
09401.bmp,0,69,395,225,416,223,798,377,834,381,1010,463,1023,481,1145,518,1279,577
09451.bmp,0,171,305,257,514,306,549,307,745,354,948,406,999,408,1137,447,1202,481,1279,503
09501.bmp,0,278,284,313,555,339,581,335,925,363,945,372,1062,371,1189,388,1250,410,1279,412
09551.bmp,0,278,619,310,639,304,973,323,995,333,1049,337,1082,326,1169,341,1245,344,1279,360
09601.bmp,0,249,173,229,631,202,649,197,996,206,1013,216,1119,212,1279,240
09701.bmp,0,303,527,188,547,176,863,142,915,146,1006,135,1168,142,1239,163,1279,165
09751.bmp,0,289,236,312,504,330,532,325,653,333,959,354,1000,348,1073,360,1143,363,1225,390,1279,393
09801.bmp,0,303,165,343,497,389,537,382,872,425,1168,437,1214,455,1279,455
09851.bmp,0,292,550,306,578,295,927,307,947,316,1059,306,1119,320,1150,318,1226,328,1279,346
09951.bmp,0,207,647,204,664,200,1008,229,1029,241,1131,245,1213,265,1232,265,1279,281
10001.bmp,0,479,167,464,352,441,600,392,739,363,955,316,983,318,1077,284,1140,273,1154,274,1171,267,1227,253,1279,257
10051.bmp,0,420,243,412,450,395,607,371,743,360,899,344,938,349,1017,322,1103,325,1119,316,1173,309,1279,317
10101.bmp,0,267,508,275,526,270,871,281,891,290,957,294,981,286,1084,302,1095,300,1183,312,1221,330,1279,336
10151.bmp,0,139,541,186,851,239,887,246,903,259,1000,268,1087,299,1152,317,1213,354,1279,373
10401.bmp,0,396,116,371,189,347,545,271,573,278,653,251,807,233,885,236,1003,215,1141,201,1279,200
10451.bmp,0,438,149,408,181,390,514,325,549,326,643,294,706,292,779,274,866,278,973,249,1020,249,1045,243,1097,243,1114,229,1194,228,1279,216
10501.bmp,0,476,84,459,114,447,461,375,495,380,580,347,751,319,804,326,911,290,994,275,1031,273,1045,262,1119,255,1279,227
10551.bmp,0,536,45,522,356,440,492,404,534,383,610,372,735,349,970,272,1065,258,1279,193
10601.bmp,0,506,329,432,556,369,612,368,738,333,886,294,991,275,1242,196,1279,194
10651.bmp,0,402,157,388,305,371,329,360,415,359,489,349,550,357,619,350,751,327,790,328,803,321,873,322,1175,278,1279,271
10701.bmp,0,365,96,361,224,355,280,342,369,347,438,343,514,356,624,345,725,341,767,338,837,340,1115,323,1135,316,1195,318,1215,313,1279,322
10751.bmp,0,383,157,379,314,370,379,365,497,378,589,363,619,365,737,353,805,355,1094,326,1175,318,1217,329,1279,326
10801.bmp,0,333,162,341,214,330,303,341,375,340,442,357,614,352,735,352,1073,346,1143,345,1185,357,1279,356
10851.bmp,0,321,58,310,97,316,199,296,289,295,311,291,391,291,433,300,542,288,635,284,757,283,1045,278,1059,273,1155,275,1175,284,1279,287
10901.bmp,0,286,81,282,99,289,204,277,288,284,371,283,434,295,730,298,747,304,1063,307,1159,314,1175,322,1279,331
10951.bmp,0,261,81,271,182,263,286,267,361,271,415,284,607,288,683,292,1014,319,1035,318,1129,324,1151,336,1279,351
11001.bmp,0,320,35,322,65,333,165,316,322,322,404,339,629,335,1021,337,1115,334,1147,343,1279,343
11051.bmp,0,385,133,379,318,357,399,368,628,345,733,340,1030,301,1109,294,1159,300,1279,289
11101.bmp,0,400,24,407,135,379,305,372,366,379,477,357,613,347,979,302,1063,289,1107,294,1279,274
11151.bmp,0,282,107,264,281,269,340,286,465,284,620,286,667,297,959,304,1055,306,1092,316,1279,335
11201.bmp,0,182,57,185,99,178,184,198,264,201,332,227,452,231,586,252,675,273,950,319,964,319,1029,333,1065,347,1279,400
11251.bmp,0,98,61,108,87,123,185,128,351,175,409,202,539,235,634,259,1039,385,1279,485
11301.bmp,0,141,149,151,167,163,275,165,437,196,497,224,609,235,753,265,1071,347,1128,356,1193,374,1279,416
11351.bmp,0,76,207,102,241,113,359,123,506,163,565,190,818,253,1071,341,1279,420
11401.bmp,0,169,219,149,282,153,392,147,551,159,623,180,739,184,881,208,1017,235,1257,294,1279,292
11451.bmp,0,312,282,339,384,333,609,366,746,371,992,391,1279,390
11501.bmp,0,282,185,342,389,381,436,396,925,480,1117,504,1279,505
11551.bmp,0,255,322,286,345,294,455,289,514,305,599,310,650,328,723,340,854,346,1279,396
11601.bmp,0,318,333,327,362,336,449,325,641,335,735,346,799,341,946,346,1279,355
11651.bmp,0,330,418,324,458,314,649,320,719,334,950,326,1083,335,1279,333
11701.bmp,0,325,312,306,341,316,438,300,615,298,675,314,931,300,1023,309,1279,309
11751.bmp,0,400,172,385,345,373,416,353,479,359,558,346,618,355,726,349,755,339,913,322,1051,315,1279,285
11801.bmp,0,341,88,346,266,339,287,347,389,333,468,341,536,337,615,355,733,345,876,342,1020,345,1279,337
11851.bmp,0,356,87,351,305,338,353,324,439,326,510,318,583,335,843,311,1131,304,1235,292,1279,291
11901.bmp,0,370,190,337,222,337,326,312,473,297,548,304,669,284,815,273,1205,245,1279,243
11951.bmp,0,324,159,286,182,295,307,263,373,263,391,258,450,249,529,257,795,226,1148,223,1173,217,1279,223
12001.bmp,0,342,103,318,146,324,246,293,405,278,472,285,740,250,1091,239,1124,232,1218,232,1279,243
12051.bmp,0,383,55,366,108,365,182,349,245,328,295,328,368,312,447,317,564,290,697,275,845,264,1093,229,1165,224,1207,228,1279,231
12101.bmp,0,368,103,365,211,351,321,342,401,351,591,330,633,337,723,331,1051,299,1127,296,1183,300,1279,297
12151.bmp,0,269,61,259,98,248,198,251,290,245,355,258,471,249,567,250,642,247,698,256,1005,263,1114,278,1279,304
12201.bmp,0,154,33,170,115,183,144,183,232,216,299,227,379,266,499,290,654,326,1279,499
12251.bmp,0,39,159,105,177,123,264,145,355,193,425,224,486,266,865,423,1148,547,1188,581,1279,618
12351.bmp,0,280,39,274,486,324,506,318,634,337,741,357,880,369,1027,384,1185,403,1279,414
12401.bmp,0,441,240,410,419,392,501,384,543,366,616,365,735,351,769,356,897,330,1044,312,1279,280
12451.bmp,0,499,346,434,489,400,604,373,741,353,1022,290,1279,216
12851.bmp,0,271,307,263,354,274,731,288,1023,308,1279,333
12901.bmp,0,98,315,168,359,188,743,301,1065,413,1279,491
13001.bmp,0,130,426,178,498,186,532,202,837,264,1155,356,1279,398
13051.bmp,0,235,38,229,123,235,431,225,516,229,556,242,795,257,1075,290,1279,320
13101.bmp,0,280,39,274,84,279,484,269,537,279,991,299,1279,319
13151.bmp,0,284,71,286,478,259,531,267,881,270,1167,283,1279,294
13201.bmp,0,231,61,229,485,195,536,205,819,213,1036,232,1279,268
13251.bmp,0,214,299,191,449,181,495,195,733,206,973,229,1189,263,1279,283
13301.bmp,0,188,448,178,506,192,823,223,1065,261,1279,310
13351.bmp,0,232,27,229,93,238,509,262,549,277,855,310,1041,334,1279,373
13401.bmp,0,278,28,278,73,284,417,279,522,285,529,292,871,304,1082,315,1279,333
13451.bmp,0,214,54,219,481,220,516,231,852,267,1101,300,1279,333
13501.bmp,0,157,381,157,447,171,741,208,1039,266,1279,329
13551.bmp,0,398,393,263,443,263,807,182,1034,147,1279,125
13601.bmp,0,416,99,367,299,277,367,267,667,170,892,118,1087,85,1279,62
13651.bmp,0,434,122,374,245,324,275,324,551,226,833,150,1082,101,1279,72
13701.bmp,0,513,74,474,154,449,211,440,275,414,371,378,785,241,1101,149,1279,106
13751.bmp,0,455,57,454,259,414,631,339,1083,252,1279,212
13801.bmp,0,335,345,365,606,379,787,390,1043,397,1279,396
13851.bmp,0,247,330,271,598,294,840,322,1060,348,1279,378
13901.bmp,0,96,157,86,381,90,584,113,781,147,958,193,1097,237,1231,289,1279,308
13951.bmp,0,154,55,160,340,160,661,185,930,227,1179,284,1279,314
14001.bmp,0,198,76,213,106,229,611,320,1053,406,1279,451
14051.bmp,0,366,88,373,133,385,191,394,517,408,952,407,1279,389
14101.bmp,0,286,65,272,113,279,371,256,633,241,876,239,1073,241,1279,256
14151.bmp,0,172,59,160,70,162,226,121,395,91,544,72,695,68,865,74,1023,90,1180,121,1279,145
14201.bmp,0,313,31,310,81,311,315,285,549,265,739,254,921,249,1105,247,1279,253
14251.bmp,0,359,37,376,265,415,1075,455,1197,455,1279,448
14301.bmp,0,326,30,339,85,348,336,382,599,408,751,418,819,424,1225,433,1279,434
14351.bmp,0,186,27,189,162,168,331,153,477,147,654,151,821,165,985,186,1131,212,1279,251
14401.bmp,0,112,28,115,177,88,301,74,454,67,637,72,783,90,909,111,1041,141,1158,176,1279,216
14451.bmp,0,265,33,265,82,280,901,339,1279,373
14501.bmp,0,361,73,390,292,427,1047,462,1182,459,1279,449
14551.bmp,0,290,43,290,90,304,363,315,753,338,1279,367
14601.bmp,0,164,57,161,226,113,381,84,593,65,776,64,973,81,1142,112,1279,146
14651.bmp,0,218,65,223,244,206,449,200,643,201,783,210,976,229,1123,251,1279,277
14701.bmp,0,331,57,352,101,359,430,394,597,404,753,412,880,420,1230,420,1279,418
14751.bmp,0,338,52,352,90,357,273,368,472,379,601,383,751,388,997,393,1279,388
14801.bmp,0,218,48,220,165,198,319,176,480,163,659,159,845,164,1009,177,1144,194,1279,224
14851.bmp,0,259,39,269,187,255,378,247,549,242,755,245,939,256,1156,273,1279,288
14901.bmp,0,487,63,495,237,473,400,450,747,390,955,348,1163,299,1279,264
15051.bmp,0,607,141,557,417,455,610,381,723,336,1279,119
15251.bmp,0,447,201,397,315,371,642,306,970,253,1216,210,1229,200,1279,188
15301.bmp,0,248,373,275,645,302,935,339,1163,369,1187,363,1279,371
15501.bmp,0,176,411,235,828,313,1084,373,1279,424
15551.bmp,0,380,100,363,563,308,927,280,1279,255
15601.bmp,0,409,235,318,502,236,800,168,1095,123,1279,106
15651.bmp,0,463,265,356,533,266,788,195,1034,137,1279,92
15701.bmp,0,375,186,319,384,269,567,235,778,202,946,181,1091,170,1279,165
15751.bmp,0,298,227,255,452,232,657,216,843,211,1017,216,1162,225,1279,236
15801.bmp,0,269,297,269,593,281,813,296,1057,318,1279,343
15851.bmp,0,255,221,272,456,293,747,328,989,355,1279,397
15901.bmp,0,322,345,296,751,286,1076,290,1279,302
15951.bmp,0,507,297,426,625,345,1020,249,1279,188
16001.bmp,0,575,356,442,843,264,1279,117
16101.bmp,0,520,264,420,589,300,847,223,1215,115,1279,88
16151.bmp,0,552,338,432,1063,188,1112,159,1279,104
16201.bmp,0,614,433,457,939,257,979,228,1279,100
16251.bmp,0,531,868,223,1160,132,1165,127,1202,117,1227,117,1279,98
16301.bmp,0,483,745,321,789,300,1165,218,1226,192,1279,184
16351.bmp,0,548,618,353,653,322,979,208,1005,208,1099,161,1156,154,1182,138,1238,121,1279,121
16501.bmp,0,173,447,216,461,212,771,255,822,271,909,280,997,304,1076,326,1127,351,1203,364,1279,384
16551.bmp,0,136,501,314,527,314,819,412,826,409,1113,496,1172,535,1279,563
16601.bmp,0,200,581,294,621,293,913,348,918,344,965,358,1028,373,1064,371,1184,402,1241,416,1279,438
16651.bmp,0,239,159,184,431,117,569,100,611,87,921,73,1043,81,1063,78,1160,95,1178,94,1261,114,1279,125
16701.bmp,0,301,327,218,517,188,573,173,879,142,954,147,1048,137,1203,147,1279,172
16751.bmp,0,365,115,369,523,372,544,365,611,362,923,357,993,348,1155,343,1229,357,1279,357
16801.bmp,0,389,139,414,391,444,1190,435,1216,441,1279,436
16851.bmp,0,251,551,225,589,220,888,228,918,239,1010,234,1096,253,1112,248,1196,263,1229,283,1279,288
16901.bmp,0,149,181,103,545,57,778,58,895,69,925,83,1007,85,1141,120,1207,139,1239,165,1279,182
16951.bmp,0,177,233,176,541,182,772,206,895,225,909,233,967,243,999,239,1163,280,1225,314,1279,330
17001.bmp,0,320,89,338,301,368,566,398,603,386,749,400,966,414,1227,422,1279,434
17051.bmp,0,458,198,476,375,481,541,476,1062,413,1072,406,1163,396,1237,377,1279,379
17101.bmp,0,359,313,284,583,236,604,223,944,180,971,185,1060,168,1225,167,1279,176
17201.bmp,0,262,241,190,471,146,531,125,862,97,897,105,996,93,1072,106,1090,106,1152,111,1225,137,1279,146
17251.bmp,0,562,353,434,446,394,503,367,772,271,797,271,904,220,1026,178,1103,173,1279,104
17301.bmp,0,581,179,557,340,520,359,508,504,471,749,403,834,365,889,359,948,331,1027,320,1279,220
17351.bmp,0,612,225,551,254,534,468,464,738,364,783,351,839,326,933,306,1279,164
17551.bmp,0,505,57,478,95,467,119,450,165,434,197,424,253,410,319,376,413,328,880,156,935,151,1279,57
17601.bmp,0,268,91,280,214,262,365,255,793,253,825,263,1279,293
17651.bmp,0,74,50,104,124,125,179,168,440,261,501,295,627,345,749,385,849,422,971,473,1279,587
17851.bmp,0,296,45,291,410,297,480,302,518,292,697,306,786,328,870,316,1019,325,1279,344
17901.bmp,0,495,267,418,393,385,488,346,531,343,603,319,675,317,929,241,1279,162
17951.bmp,0,355,231,294,262,296,375,261,439,257,519,243,581,247,837,205,889,210,1222,183,1279,183
18001.bmp,0,304,213,279,239,287,323,263,498,257,565,271,689,255,819,252,1155,261,1205,255,1279,261
18051.bmp,0,251,168,249,201,257,289,247,375,254,451,255,511,273,634,273,774,283,1108,321,1161,318,1241,330,1279,342
18101.bmp,0,222,161,225,223,235,319,231,482,246,544,267,669,273,801,288,1147,342,1181,341,1279,359
18151.bmp,0,247,219,212,246,219,345,198,499,195,576,207,693,201,835,205,1190,243,1223,238,1279,246
18201.bmp,0,206,243,139,266,144,365,115,516,100,603,111,722,99,869,103,1245,157,1279,157
18251.bmp,0,269,189,218,219,223,313,190,397,183,419,176,485,170,555,180,809,152,1174,170,1193,165,1279,175
18301.bmp,0,281,122,257,147,262,273,233,423,225,477,235,596,218,757,210,1093,224,1122,218,1203,226,1279,247
18351.bmp,0,124,115,125,143,137,253,131,409,154,477,180,597,188,675,202,732,216,1089,310,1110,310,1202,339,1220,357,1279,377
18401.bmp,0,159,144,157,173,169,269,158,432,173,510,196,771,225,1115,305,1147,303,1218,322,1279,351
18451.bmp,0,197,182,174,217,184,313,161,480,163,549,180,817,186,873,198,1188,245,1204,245,1279,263
18501.bmp,0,211,196,184,230,188,322,172,485,171,563,185,685,179,831,190,1203,247,1219,240,1279,257
18551.bmp,0,227,175,211,202,218,290,204,453,204,537,220,798,227,1170,275,1177,271,1279,290
18601.bmp,0,196,153,218,182,235,288,233,359,255,436,264,499,296,757,329,833,354,1117,406,1227,426,1279,444
18651.bmp,0,249,177,269,195,280,300,278,378,294,401,292,463,300,529,322,791,345,936,370,1175,390,1279,406
18701.bmp,0,274,197,278,221,292,327,287,410,298,431,296,486,302,556,322,818,333,1175,370,1204,363,1279,370
18751.bmp,0,251,203,196,233,199,352,161,420,159,443,153,521,145,568,155,689,136,831,131,1213,161,1235,156,1279,165
18851.bmp,0,327,99,322,174,301,261,305,279,296,364,293,420,304,531,282,679,274,751,280,1023,265,1062,255,1143,255,1187,264,1279,267
18901.bmp,0,211,79,232,205,234,263,252,338,255,413,283,603,300,687,312,718,326,1028,370,1065,371,1143,386,1184,403,1279,423
18951.bmp,0,168,19,158,78,163,182,149,275,151,297,148,351,154,431,172,555,169,695,184,1055,249,1085,247,1165,267,1205,291,1279,313
19001.bmp,0,233,85,206,111,212,197,186,242,172,298,172,378,159,454,170,583,149,727,145,1103,170,1129,168,1203,178,1279,206
19051.bmp,0,442,41,428,70,426,154,378,226,352,319,318,397,314,511,264,643,226,989,145,1027,129,1105,113,1155,114,1279,94
19101.bmp,0,510,56,471,210,402,309,374,463,300,969,117,1023,114,1279,47
19201.bmp,0,426,51,413,109,388,123,371,176,347,336,280,372,277,753,153,821,148,1048,101,1279,70
19251.bmp,0,179,109,206,250,250,359,290,611,363,815,422,1279,542
19401.bmp,0,187,50,182,223,208,289,238,419,245,565,269,954,342,1023,353,1065,375,1279,420
19451.bmp,0,243,60,219,117,206,187,178,274,174,477,119,723,90,926,86,960,79,1043,83,1073,96,1279,120
19501.bmp,0,385,165,312,246,302,371,243,517,197,900,105,977,89,1019,96,1279,72
19551.bmp,0,603,68,587,149,587,282,538,425,495,513,473,748,384,873,334,911,328,1104,248,1279,167
19601.bmp,0,400,133,410,177,419,333,432,1225,428,1279,422
20001.bmp,0,442,235,406,627,341,707,330,1279,247
20051.bmp,0,122,260,165,527,220,810,293,1065,371,1279,442
20101.bmp,0,29,172,64,437,126,703,212,961,314,1147,403,1279,472
20251.bmp,0,214,61,212,137,210,183,225,507,241,769,266,1001,298,1279,347
20301.bmp,0,351,25,345,86,343,186,348,622,326,974,312,1279,304
20351.bmp,0,374,57,360,97,361,184,353,608,293,957,257,1279,235
20401.bmp,0,261,25,254,66,255,267,213,552,178,749,169,978,169,1168,183,1279,199
20451.bmp,0,172,57,180,271,155,478,151,686,157,897,179,1081,211,1279,256
20501.bmp,0,263,51,281,337,310,633,339,771,355,1162,394,1279,402
20551.bmp,0,359,50,381,306,427,1031,464,1279,454
20601.bmp,0,218,57,229,345,237,687,262,1008,301,1201,333,1279,345
20701.bmp,0,100,49,100,105,111,335,115,570,144,827,195,1061,258,1279,335
20751.bmp,0,246,66,240,126,247,352,229,624,229,865,237,1083,256,1279,280
20801.bmp,0,435,50,429,111,434,275,416,460,395,601,376,737,359,1279,279
20851.bmp,0,440,60,440,228,411,371,386,1279,231
20901.bmp,0,283,166,231,406,177,610,145,824,129,1050,129,1188,139,1279,149
20951.bmp,0,288,316,286,580,289,878,304,1120,320,1279,335
21001.bmp,0,310,107,335,383,381,599,409,1103,449,1279,457
21051.bmp,0,312,640,327,1279,355
21101.bmp,0,285,47,290,493,282,921,293,1279,320
21151.bmp,0,235,273,194,543,178,778,178,995,194,1144,212,1279,235
21201.bmp,0,296,413,304,782,319,1143,337,1279,347
21251.bmp,0,323,133,336,615,366,994,385,1279,391
21301.bmp,0,200,249,169,511,159,761,168,996,194,1176,227,1279,257
21601.bmp,0,557,348,437,615,345,855,262,1080,190,1279,127
21651.bmp,0,375,153,382,602,392,750,390,1279,377
21701.bmp,0,165,152,169,445,198,700,240,926,282,1279,378
21801.bmp,0,143,267,186,555,243,822,310,1009,360,1135,400,1279,449
21851.bmp,0,296,86,322,210,351,979,471,1137,487,1279,493
21901.bmp,0,486,197,471,385,444,752,392,1014,348,1279,295
21951.bmp,0,436,143,382,213,357,479,273,851,184,1055,148,1279,123
22001.bmp,0,368,140,313,376,242,619,185,897,141,1095,128,1279,129
22051.bmp,0,261,173,274,398,292,637,315,821,335,997,355,1145,375,1279,394
22101.bmp,0,329,89,346,598,409,1129,445,1279,447
22151.bmp,0,245,166,231,399,225,655,231,890,246,1085,269,1279,304
22201.bmp,0,135,161,102,338,85,530,79,723,93,863,108,1014,142,1151,182,1279,227
22251.bmp,0,417,120,371,186,347,428,272,673,212,919,165,1279,125
22301.bmp,0,538,343,439,613,359,737,320,1024,238,1279,159
22351.bmp,0,622,200,566,495,472,745,380,953,304,1279,161
22501.bmp,0,591,184,522,380,444,497,398,614,354,910,243,948,218,1279,85
22551.bmp,0,662,177,605,296,569,533,477,751,385,1133,192,1151,192,1279,113
22701.bmp,0,324,371,227,439,199,831,143,1016,133,1097,145,1233,143,1279,147
22751.bmp,0,141,427,157,764,199,787,214,873,220,1026,259,1089,296,1279,347
22801.bmp,0,111,445,193,460,191,795,274,811,287,903,301,1045,352,1106,394,1197,435,1279,450
22851.bmp,0,136,507,261,530,261,864,354,881,367,985,383,1049,412,1143,442,1175,469,1279,499
22901.bmp,0,174,570,212,593,210,902,250,952,267,1065,280,1209,315,1279,357
22951.bmp,0,216,383,172,595,170,613,162,935,180,980,189,1076,194,1176,212,1230,223,1279,242
23001.bmp,0,261,303,239,567,237,603,226,944,235,973,245,1062,241,1135,257,1161,255,1217,263,1279,284
23051.bmp,0,285,583,300,631,293,943,309,975,316,1057,313,1151,325,1169,324,1213,328,1279,348
23101.bmp,0,304,583,290,622,284,963,286,985,294,1047,291,1073,286,1161,294,1187,292,1279,302
23151.bmp,0,269,297,225,544,205,592,190,928,182,957,192,1015,192,1049,183,1139,197,1161,197,1225,206,1279,228
23201.bmp,0,277,263,212,555,165,571,154,926,131,947,139,1051,129,1141,139,1213,146,1279,169
23251.bmp,0,247,543,223,569,213,906,223,935,236,1031,231,1183,254,1279,289
23301.bmp,0,516,213,481,389,444,535,407,603,392,739,359,922,318,981,293,1055,284,1121,261,1196,258,1279,232
23351.bmp,0,614,260,532,473,463,573,412,733,345,786,333,870,288,1021,229,1092,217,1279,131
23401.bmp,0,607,291,491,311,473,374,440,482,400,605,342,703,309,741,282,822,259,851,242,890,227,965,217,1067,164,1279,84
23651.bmp,0,353,359,264,424,251,471,253,761,206,1031,184,1279,176
23951.bmp,0,266,189,281,215,275,555,299,585,311,640,314,673,308,766,320,831,328,901,353,1172,375,1279,394
24001.bmp,0,449,179,432,195,425,271,416,466,394,604,381,741,363,811,348,887,359,1003,329,1141,310,1279,298
24051.bmp,0,562,98,544,117,528,352,465,422,452,548,411,600,393,738,355,789,355,1036,267,1279,193
24101.bmp,0,653,129,589,363,486,387,485,439,457,551,412,559,403,589,383,604,384,725,338,783,305,891,265,912,248,1007,210,1220,98,1263,70,1279,68
24151.bmp,0,584,193,497,218,496,335,428,433,391,513,372,674,298,1076,140,1108,120,1176,92,1219,88,1279,68
24201.bmp,0,527,25,518,48,519,159,452,217,442,229,428,268,420,387,385,468,344,603,295,943,172,1025,147,1075,145,1279,80
24251.bmp,0,377,43,372,96,363,214,353,331,324,479,298,835,249,919,239,958,244,1279,214
24301.bmp,0,279,22,284,45,277,93,278,165,293,299,284,431,284,810,290,883,294,933,305,1279,327
24351.bmp,0,163,52,182,79,182,130,192,191,225,323,241,476,278,889,367,935,390,1279,471
24401.bmp,0,56,91,86,197,137,254,163,313,204,489,271,623,343,751,391,959,475,1003,503,1279,620
24601.bmp,0,269,129,266,143,258,495,258,516,269,625,261,695,271,722,270,793,278,842,294,961,296,1099,308,1279,335
24651.bmp,0,416,106,402,125,390,156,385,279,367,444,343,482,341,501,347,618,318,743,307,823,316,1011,285,1078,277,1279,264
24701.bmp,0,465,27,459,43,447,235,409,370,381,423,378,507,353,621,329,748,326,859,296,995,267,1125,253,1279,218
24751.bmp,0,467,248,409,373,385,421,363,507,353,525,345,579,336,637,335,763,302,913,267,991,261,1279,196
24801.bmp,0,447,196,400,299,375,473,338,557,339,667,304,821,272,912,265,1182,205,1279,190
24851.bmp,0,351,13,352,87,339,194,333,234,313,397,302,474,312,593,292,735,281,1191,254,1245,265,1279,265
24901.bmp,0,294,15,295,119,277,140,283,237,259,324,257,351,251,396,249,475,259,589,243,669,241,740,241,1124,242,1200,244,1237,257,1279,262
24951.bmp,0,326,69,313,96,317,148,311,194,292,293,289,309,285,373,284,437,293,549,271,1148,250,1199,260,1279,264
25001.bmp,0,299,11,298,33,308,134,288,241,290,296,286,385,302,497,290,1096,295,1138,305,1279,314
25051.bmp,0,282,37,297,96,297,141,288,222,303,243,302,299,305,385,333,503,327,627,343,1032,359,1107,361,1140,373,1279,383
25101.bmp,0,233,69,243,92,258,161,260,192,257,283,279,294,277,352,286,421,312,631,339,733,353,1138,406,1225,428,1279,436
25151.bmp,0,184,117,198,139,210,191,216,231,210,323,232,347,230,404,243,461,268,731,308,1176,405,1233,427,1279,438
25201.bmp,0,123,129,122,162,124,181,135,234,137,283,129,359,143,399,145,449,153,516,178,641,189,780,216,1167,315,1238,340,1279,366
25251.bmp,0,197,158,182,193,182,218,189,311,174,351,172,403,178,423,176,477,176,553,196,825,207,1221,271,1279,288
25301.bmp,0,298,156,273,178,280,231,272,268,257,367,257,380,252,436,250,516,262,638,247,787,245,1177,249,1251,256,1279,265
25351.bmp,0,317,117,306,143,316,197,307,237,294,331,297,342,292,403,290,474,302,601,290,742,286,1201,280,1279,294
25401.bmp,0,241,29,248,134,235,155,245,279,229,341,237,354,233,413,233,483,253,684,247,1152,288,1223,298,1279,316
25451.bmp,0,170,200,122,222,127,339,94,407,98,432,94,489,90,563,102,687,98,840,103,1241,174,1279,189
25501.bmp,0,224,185,210,207,222,312,202,388,208,405,206,464,206,528,223,664,222,813,232,1207,283,1279,296
25551.bmp,0,398,133,373,236,355,421,329,515,336,771,290,1162,241,1230,234,1279,240
25601.bmp,0,294,81,278,118,290,207,266,377,258,450,269,641,255,1125,259,1200,263,1279,280
25751.bmp,0,383,88,354,167,347,376,281,831,182,904,176,959,180,1104,159,1279,144
25901.bmp,0,552,105,514,345,436,454,397,489,376,555,355,622,348,1279,120
25951.bmp,0,391,99,366,175,348,441,280,493,278,761,231,1091,188,1279,171
26001.bmp,0,200,357,180,458,182,474,189,725,204,959,232,1147,263,1279,293
26051.bmp,0,136,65,151,451,204,519,229,700,269,901,316,1084,366,1279,424
26101.bmp,0,382,32,373,143,376,271,362,509,341,562,351,620,345,714,337,1279,300
26151.bmp,0,597,400,447,524,411,607,377,716,333,1279,106
26301.bmp,0,565,383,446,505,405,610,370,716,336,1279,147
26351.bmp,0,294,611,363,747,377,1127,409,1279,416
26451.bmp,0,157,35,176,643,328,990,416,1279,493
26501.bmp,0,333,17,334,59,349,95,353,333,376,600,395,750,400,1079,410,1279,406
26551.bmp,0,234,18,243,458,280,809,322,1069,359,1279,390
26601.bmp,0,163,33,165,211,149,399,146,605,154,810,178,1007,209,1173,246,1279,280
26651.bmp,0,108,27,111,106,133,146,158,599,286,995,413,1105,449,1279,514
26701.bmp,0,522,126,491,197,479,249,479,402,448,604,400,743,367,1073,280,1279,218
26751.bmp,0,599,83,574,143,569,447,457,562,412,731,344,986,243,1202,151,1279,111
26901.bmp,0,360,129,330,359,288,623,247,916,220,1139,212,1279,209
26951.bmp,0,403,219,401,421,392,598,383,744,374,1055,357,1279,337
27001.bmp,0,370,89,351,281,316,519,282,764,256,984,237,1279,228
27051.bmp,0,364,95,350,178,340,373,318,592,299,821,284,1061,273,1279,265
27201.bmp,0,426,111,366,233,310,487,209,748,137,980,87,1153,65,1279,56
27251.bmp,0,292,201,278,446,269,657,267,852,267,1065,278,1279,303
27301.bmp,0,192,605,323,740,355,981,412,1127,450,1279,485
27351.bmp,0,389,223,403,597,414,752,414,1037,410,1279,389
27401.bmp,0,468,267,417,416,394,613,360,731,343,1057,282,1279,243
27451.bmp,0,99,193,102,336,111,524,133,773,182,959,231,1124,289,1279,358
27501.bmp,0,379,132,337,327,291,553,246,784,210,1025,189,1279,179
27551.bmp,0,265,197,271,437,278,672,293,1013,323,1279,358
27601.bmp,0,146,516,318,621,350,751,386,844,422,1003,471,1279,567
27651.bmp,0,410,271,416,595,413,751,407,1018,385,1279,362
27701.bmp,0,104,332,198,692,315,976,415,1084,459,1279,537
27751.bmp,0,216,199,216,384,225,619,247,841,277,1120,324,1279,360
27801.bmp,0,312,632,341,731,345,1118,363,1279,380
27901.bmp,0,497,613,357,717,333,1279,206
28001.bmp,0,607,389,449,616,351,951,219,1279,92
28251.bmp,0,325,649,265,671,258,979,247,1015,247,1039,256,1138,245,1279,255
28301.bmp,0,196,636,284,657,282,969,333,997,337,1012,347,1071,359,1109,355,1279,401
28351.bmp,0,394,110,373,750,286,769,275,1085,235,1121,232,1279,216
28751.bmp,0,312,64,325,138,325,215,350,607,375,746,381,913,382,956,394,1279,403
28851.bmp,0,120,81,129,106,141,163,147,201,141,293,168,308,165,369,176,419,201,550,222,1048,351,1119,372,1159,401,1279,442
28901.bmp,0,172,149,174,174,183,235,187,275,177,334,190,361,194,429,198,496,223,688,240,756,251,1129,325,1201,344,1240,366,1279,379
28951.bmp,0,333,92,319,120,324,210,300,365,289,443,296,559,277,1077,253,1152,251,1201,259,1279,263
29001.bmp,0,212,47,218,63,232,122,239,158,233,249,256,321,263,385,290,516,303,637,328,1108,407,1213,434,1279,442
29051.bmp,0,158,179,201,197,216,247,228,286,228,380,257,441,270,507,304,633,335,743,365,929,418,1105,465,1127,463,1220,493,1239,506,1279,519
29101.bmp,0,530,214,481,239,489,335,454,385,445,571,413,599,404,739,363,1173,237,1236,216,1279,213
29151.bmp,0,495,73,475,100,481,208,442,302,426,477,401,609,364,723,341,1113,235,1171,232,1279,202
29201.bmp,0,279,121,277,181,289,259,290,335,311,635,329,1045,359,1089,373,1279,388
29251.bmp,0,200,82,212,107,227,202,227,284,251,299,249,397,273,431,295,549,308,649,330,1063,407,1185,440,1279,464
29301.bmp,0,403,81,377,97,377,213,324,271,315,298,300,351,290,415,283,533,243,676,211,1051,139,1131,131,1167,133,1279,125
29351.bmp,0,341,46,343,82,334,245,351,310,373,429,371,609,377,746,385,931,389,947,381,1023,380,1067,390,1279,388
29401.bmp,0,288,32,297,43,307,118,324,147,320,227,343,257,346,327,365,357,384,976,471,1009,467,1083,477,1125,488,1188,495,1279,495
29451.bmp,0,429,45,428,71,436,161,414,251,412,459,399,600,380,743,366,1007,327,1035,317,1099,308,1153,310,1279,290
29501.bmp,0,314,53,316,96,308,184,321,255,323,337,343,617,354,741,361,947,371,975,365,1053,369,1093,378,1279,384
29551.bmp,0,212,23,214,42,223,97,224,143,215,235,231,253,229,308,236,373,255,502,259,647,278,1095,341,1137,359,1279,385
29601.bmp,0,113,63,104,121,113,221,97,384,108,462,130,583,137,731,159,1106,249,1192,279,1215,296,1279,323
29651.bmp,0,375,48,370,66,375,108,365,197,343,327,326,403,331,519,305,1045,245,1123,240,1161,249,1279,243
29701.bmp,0,270,62,282,121,279,173,270,327,278,382,294,522,294,1099,326,1160,341,1279,353
29801.bmp,0,117,38,104,212,102,293,123,421,120,566,134,1023,224,1059,251,1279,322
29851.bmp,0,90,26,98,41,112,139,120,305,161,361,193,495,223,1089,408,1153,445,1279,489
30151.bmp,0,86,223,102,546,156,817,224,1043,300,1279,396
30351.bmp,0,361,390,296,752,256,1049,237,1279,237
30401.bmp,0,144,191,148,507,182,845,245,1153,327,1279,369
30451.bmp,0,337,753,318,1279,319
30701.bmp,0,371,187,299,484,210,813,145,1108,117,1279,119
30751.bmp,0,278,231,263,539,255,855,256,1133,277,1279,299
31251.bmp,0,143,63,139,133,123,212,131,345,113,485,109,939,149,978,165,1143,204,1279,241
31301.bmp,0,152,73,161,141,158,210,180,480,196,925,269,965,288,1279,363
31401.bmp,0,33,41,44,58,56,119,65,157,62,245,88,267,90,325,106,386,138,567,182,645,204,1060,355,1096,381,1279,465
31451.bmp,0,156,155,155,178,163,274,155,429,172,502,191,676,204,772,220,1211,314,1279,351
31501.bmp,0,286,114,261,139,263,258,226,317,225,332,217,388,210,458,216,725,186,1114,180,1181,184,1230,196,1279,204
31551.bmp,0,74,115,101,128,115,183,126,213,125,309,157,323,157,387,177,441,213,638,269,1279,512
31601.bmp,0,242,183,239,208,250,328,237,389,251,408,245,469,249,527,266,721,271,1279,348
31651.bmp,0,310,163,261,186,265,299,225,440,203,514,209,765,169,1231,159,1279,170
31701.bmp,0,352,144,326,163,328,263,300,408,288,490,294,1205,231,1253,242,1279,242
31751.bmp,0,390,88,373,123,373,208,351,364,333,437,341,623,309,1156,247,1201,255,1279,247
31801.bmp,0,173,46,172,66,182,194,171,249,180,281,176,331,184,391,202,582,212,1118,300,1157,321,1279,349
31851.bmp,0,98,88,82,114,91,221,64,297,68,323,65,381,65,451,82,728,96,1185,206,1227,235,1279,255
31901.bmp,0,200,84,208,113,223,167,227,220,225,371,253,440,284,623,306,1141,402,1213,424,1279,438
32301.bmp,0,94,159,108,413,143,691,200,913,265,1122,340,1279,402
32401.bmp,0,89,285,143,703,245,990,335,1155,396,1226,426,1279,449
32451.bmp,0,206,353,247,791,311,1203,394,1279,412
32501.bmp,0,131,224,134,555,163,812,212,1045,267,1279,347
32551.bmp,0,330,324,302,659,290,971,281,1279,288
32601.bmp,0,198,317,213,666,252,992,299,1279,367
32651.bmp,0,219,272,216,573,228,823,251,1064,284,1279,330
33251.bmp,0,253,31,247,59,253,102,237,143,216,237,206,256,200,305,192,375,196,507,174,665,164,1029,161,1099,167,1145,180,1279,195
33301.bmp,0,159,69,155,105,145,207,152,231,152,273,154,343,174,535,184,1054,269,1095,290,1279,341
33351.bmp,0,113,39,115,87,106,174,124,195,121,281,135,319,153,499,173,585,192,1017,302,1059,325,1279,393
33401.bmp,0,133,88,111,115,115,172,107,216,90,335,82,385,84,446,95,635,93,737,98,1113,164,1176,184,1221,210,1279,228
33451.bmp,0,335,53,312,79,312,136,286,163,262,326,209,396,204,575,148,632,145,657,134,991,95,1043,85,1117,81,1164,90,1279,90
33501.bmp,0,320,63,300,98,280,192,263,264,246,338,247,525,206,613,195,1054,160,1098,172,1195,173,1279,177
33551.bmp,0,237,40,229,79,211,241,194,322,208,505,188,597,186,649,194,1035,204,1081,222,1185,233,1279,246
33601.bmp,0,337,87,333,112,327,168,324,234,335,437,310,493,319,726,294,875,288,1279,272
33651.bmp,0,250,38,256,113,257,189,284,383,286,459,309,728,321,1059,357,1279,377
33701.bmp,0,292,39,296,73,288,142,286,209,304,381,282,466,292,658,280,993,288,1279,290
33751.bmp,0,37,56,37,131,64,159,64,231,81,281,113,471,149,527,180,735,241,923,308,1107,388,1211,435,1279,464
33801.bmp,0,208,29,208,79,186,158,187,236,178,309,194,440,184,499,181,615,188,624,196,773,200,958,218,1279,271
33851.bmp,0,235,22,231,79,231,149,217,231,231,431,210,491,219,716,212,897,222,1139,246,1279,263
33901.bmp,0,171,28,172,83,163,167,177,239,181,318,208,513,224,548,239,777,267,1017,312,1279,373
33951.bmp,0,267,36,261,91,247,170,251,197,243,248,242,332,258,531,249,555,259,803,254,1006,267,1279,292
34001.bmp,0,465,53,444,104,411,186,388,265,362,332,355,501,290,562,282,799,207,1144,132,1279,105
34051.bmp,0,525,63,497,150,492,313,432,444,394,618,327,855,251,1046,190,1279,113
34101.bmp,0,121,46,129,117,165,313,195,459,241,621,272,888,345,1124,408,1279,454
34151.bmp,0,136,39,143,60,139,121,146,197,176,383,188,429,206,599,233,817,273,1035,327,1279,390
34201.bmp,0,303,83,311,110,310,176,312,245,334,419,333,481,343,623,343,907,346,999,353,1279,355
34251.bmp,0,100,69,132,102,139,159,165,211,206,393,255,436,282,620,342,748,382,863,422,1014,474,1279,557
34801.bmp,0,182,125,183,354,197,625,227,804,250,1006,296,1217,349,1279,368
34851.bmp,0,231,255,228,551,241,681,251,712,246,839,261,1093,296,1279,330
34901.bmp,0,544,400,446,547,412,601,394,734,354,961,294,1279,193
34951.bmp,0,251,195,225,519,203,579,199,690,199,943,217,1205,245,1279,255
35001.bmp,0,406,142,413,271,416,529,410,604,406,749,400,951,395,1279,359
35051.bmp,0,95,285,156,623,242,928,344,1104,411,1279,481
35101.bmp,0,314,296,328,630,338,758,347,1073,360,1279,369
35151.bmp,0,161,195,233,475,324,613,364,817,426,1092,504,1279,556
35201.bmp,0,159,342,226,681,301,960,370,1117,414,1279,464
35501.bmp,0,64,66,87,193,92,274,107,347,119,459,154,587,184,786,239,983,302,1181,379,1279,421
35551.bmp,0,98,52,115,243,114,347,139,529,156,755,204,931,247,1119,306,1279,366
35701.bmp,0,361,59,333,87,330,143,304,178,284,252,261,320,234,407,227,509,204,569,172,651,171,837,129,985,113,1034,97,1111,91,1161,99,1279,92
35751.bmp,0,335,99,320,168,307,253,311,444,278,514,285,687,259,892,244,1134,233,1279,230
35801.bmp,0,416,17,416,31,408,91,398,171,401,197,398,299,373,344,356,413,355,672,302,965,251,1279,198
35851.bmp,0,120,47,142,123,158,196,200,367,239,435,271,653,326,943,414,1279,514
35901.bmp,0,82,53,81,143,103,223,112,301,150,481,182,529,208,763,267,995,345,1157,404,1229,428,1279,450
35951.bmp,0,212,78,186,169,179,195,171,255,164,321,174,506,152,567,161,765,160,856,163,1015,181,1181,206,1279,225
36001.bmp,0,212,52,198,113,194,130,187,189,178,264,187,443,155,504,165,711,153,805,155,986,172,1175,195,1279,212
36051.bmp,0,168,73,155,155,163,169,162,224,164,301,186,481,192,544,208,767,233,931,259,1183,316,1279,343
36101.bmp,0,283,22,280,53,263,125,255,219,235,298,245,483,211,536,218,753,196,958,196,1201,206,1279,212
36151.bmp,0,271,57,273,149,265,243,285,419,270,474,281,693,272,914,279,1279,298
36201.bmp,0,108,47,115,101,108,188,137,259,148,325,183,512,219,552,238,805,304,977,359,1279,461
36251.bmp,0,252,49,239,141,247,211,244,291,264,476,263,537,279,771,284,971,302,1279,335
36301.bmp,0,273,43,271,97,263,177,280,193,275,265,284,328,305,505,308,549,322,807,334,977,350,1120,367,1279,378
36351.bmp,0,226,42,223,65,232,155,208,249,214,319,208,391,227,578,220,645,235,878,241,1046,260,1279,298
36401.bmp,0,327,42,320,88,303,245,288,317,295,509,269,568,273,789,249,1051,243,1279,241
36451.bmp,0,426,38,420,74,408,169,408,223,402,432,393,507,385,559,389,603,384,744,362,963,330,1047,325,1121,312,1133,299,1157,304,1279,284
36501.bmp,0,253,95,251,180,241,266,254,439,237,495,243,743,233,940,243,1162,261,1204,265,1208,261,1224,261,1224,266,1279,271
36551.bmp,0,220,84,236,112,233,171,242,235,269,427,282,468,297,735,319,997,358,1214,388,1219,381,1235,386,1235,392,1279,397
36601.bmp,0,240,67,255,192,245,257,227,323,237,533,223,739,229,952,243,1091,255,1093,251,1109,251,1111,258,1279,273
36651.bmp,0,225,80,227,160,223,243,245,429,235,464,244,751,250,1005,278,1279,310
36701.bmp,0,253,88,247,116,257,211,237,370,236,464,256,763,255,969,259,1131,275,1279,293
36751.bmp,0,260,116,243,155,244,173,250,263,225,357,231,368,226,449,226,511,240,685,229,731,239,968,237,1022,243,1180,255,1279,269
36801.bmp,0,267,46,256,89,255,105,263,208,242,357,239,446,255,621,243,683,255,937,252,1128,265,1279,282
36851.bmp,0,241,38,238,67,244,155,225,236,228,317,224,401,243,577,232,619,243,869,247,1028,261,1155,279,1279,296
37051.bmp,0,237,299,220,358,228,391,222,450,216,605,225,665,242,857,247,917,262,937,256,1017,271,1142,279,1279,298
37101.bmp,0,231,28,232,91,223,289,219,311,213,353,214,378,225,403,214,494,211,551,218,572,216,621,218,689,238,875,241,929,257,951,251,1002,263,1133,273,1279,296
37151.bmp,0,245,322,231,331,229,367,231,398,239,421,229,429,233,477,223,564,232,594,229,641,233,712,253,897,253,944,271,971,261,1041,275,1162,282,1279,297
37201.bmp,0,239,355,220,395,220,413,231,449,218,454,227,495,216,585,226,597,220,661,224,695,232,730,247,917,249,949,256,963,265,997,259,1057,271,1148,282,1207,286,1279,296
37251.bmp,0,241,108,233,335,229,356,223,391,223,412,235,447,223,456,230,507,218,588,230,596,226,659,229,733,249,915,253,973,267,993,263,1084,278,1191,283,1279,294
37301.bmp,0,239,353,223,394,220,425,231,451,219,455,227,500,216,591,225,661,224,749,249,926,251,976,265,1005,260,1067,275,1183,282,1279,295
37351.bmp,0,243,91,239,359,223,399,224,417,233,457,220,463,229,511,218,584,225,666,227,740,249,927,251,983,272,1002,259,1059,274,1185,282,1279,292
37401.bmp,0,240,79,239,292,225,359,219,401,218,418,230,446,227,449,220,457,227,515,215,589,224,666,225,738,246,925,249,977,266,1001,259,1070,272,1181,278,1279,294
37451.bmp,0,236,95,233,332,223,364,215,401,218,417,227,457,217,465,226,515,214,604,225,611,223,675,225,747,247,935,249,987,263,1006,256,1058,269,1171,279,1279,289
37501.bmp,0,233,374,216,407,219,429,232,465,214,469,227,515,211,600,226,673,225,753,251,930,254,993,273,1013,267,1084,280,1207,292,1279,302