04751.bmp,0,425,128,429,183,430,250,431,322,436,383,437,428,438,481,436,542,436,613,442,676,443,772,447,849,449,905,452,975,452,1026,452,1060,449,1198,458,1254,466,1279,469
04801.bmp,0,413,171,418,211,417,259,422,300,422,359,428,386,429,439,430,467,430,493,425,514,424,539,425,552,429,573,431,601,431,629,431,659,432,691,435,727,438,763,442,815,445,858,446,904,446,951,446,992,450,1052,456,1094,457,1138,458,1171,458,1215,463,1255,471,1279,471
04851.bmp,0,431,137,435,180,434,230,441,306,443,350,442,384,441,419,441,472,444,494,443,535,446,642,453,662,448,722,458,789,458,814,457,836,456,874,457,912,461,937,464,981,466,1017,467,1066,468,1104,468,1137,466,1178,468,1211,470,1235,475,1279,477
04901.bmp,0,428,96,429,160,431,227,434,244,433,299,434,349,437,389,441,430,442,475,447,524,447,569,448,617,449,666,449,724,454,780,459,903,464,1035,468,1057,463,1168,468,1209,475,1279,480
04951.bmp,0,425,113,422,134,423,419,435,477,434,501,440,594,445,608,442,776,448,829,448,883,456,1016,463,1048,454,1171,461,1194,468,1279,473
05001.bmp,0,453,154,473,333,500,345,498,368,500,434,506,449,507,499,509,511,514,679,526,799,530,859,533,949,538,1071,538,1193,542,1242,545,1279,545
05051.bmp,0,457,177,496,417,531,554,545,601,554,728,562,892,574,1083,582,1174,573,1279,570
05101.bmp,0,538,79,548,215,554,507,563,600,562,708,562,919,550,1083,537,1179,523,1254,510,1279,507
05151.bmp,0,536,151,544,368,548,587,546,804,536,1034,521,1175,499,1279,487
05201.bmp,0,574,113,571,252,567,555,549,723,528,1020,496,1152,466,1259,450,1279,450
05251.bmp,0,465,377,507,635,526,925,541,1093,538,1179,534,1248,534,1279,539
05301.bmp,0,498,184,516,432,537,723,549,890,546,1081,542,1121,534,1241,530,1279,531
05351.bmp,0,515,330,528,663,528,909,524,1104,512,1153,501,1279,498
05401.bmp,0,481,195,504,412,516,640,531,863,540,1039,540,1103,533,1279,529
05451.bmp,0,453,163,484,333,517,506,546,732,568,1045,596,1279,594
05501.bmp,0,453,169,484,363,513,594,539,773,559,1079,575,1279,577
05551.bmp,0,343,157,399,331,458,506,509,686,556,853,598,1115,653,1231,672,1279,680
05601.bmp,0,146,37,177,211,285,493,443,659,533,862,633,1002,706,1176,787,1279,831
05651.bmp,0,189,141,266,201,311,472,444,651,532,875,631,1023,697,1279,794
05701.bmp,0,197,128,280,328,383,361,412,648,550,839,637,975,698,1279,807
05751.bmp,0,319,62,348,140,379,261,423,418,475,484,509,727,576,929,631,1071,665,1279,710
05801.bmp,0,447,25,459,56,454,169,484,392,513,438,510,522,522,588,537,765,545,982,561,1209,561,1279,562
05851.bmp,0,479,45,480,120,496,392,524,443,523,514,531,549,544,752,549,1046,552,1212,550,1279,546
05901.bmp,0,454,63,460,156,476,324,502,465,506,566,530,805,540,1075,554,1279,560
05951.bmp,0,449,71,457,162,480,398,511,490,510,586,534,757,547,994,558,1168,568,1279,569
06001.bmp,0,469,115,481,240,501,449,516,505,515,618,530,780,540,941,542,1065,544,1195,546,1279,542
06051.bmp,0,538,77,544,202,551,448,551,493,545,601,549,709,544,804,534,980,526,1149,512,1279,494
06101.bmp,0,487,66,492,184,515,371,535,466,536,521,536,596,551,732,559,965,562,1127,561,1279,551
06151.bmp,0,407,95,430,287,477,460,503,604,533,822,561,1078,590,1279,608
06201.bmp,0,178,95,225,201,296,330,366,515,466,616,512,760,590,858,635,979,692,1125,758,1279,819
06251.bmp,0,148,77,192,146,258,235,304,317,345,410,394,587,493,737,565,813,602,864,637,993,690,1135,760,1235,805,1279,822
06301.bmp,0,193,41,225,132,263,204,316,254,339,306,383,402,423,446,447,503,477,548,501,626,540,741,594,844,641,958,685,1004,707,1040,726,1125,757,1206,783,1254,802,1279,808
06351.bmp,0,193,93,247,151,269,224,319,293,349,355,384,434,426,480,461,592,506,683,547,718,560,812,607,872,631,989,683,1071,714,1087,715,1164,745,1204,772,1279,796
06401.bmp,0,212,56,236,158,287,255,333,307,359,357,386,403,408,460,426,508,457,565,479,617,514,661,540,719,558,777,581,849,612,900,630,997,676,1108,718,1179,746,1228,758,1257,771,1279,771
06451.bmp,0,267,94,313,168,329,367,414,460,444,520,479,589,492,630,516,684,539,723,548,768,575,901,618,931,629,1054,666,1103,689,1201,715,1265,734,1279,738
06501.bmp,0,258,128,316,288,372,307,374,445,424,522,454,591,470,673,509,751,529,790,549,879,580,932,609,978,625,1089,656,1169,685,1202,689,1279,720
06551.bmp,0,495,173,507,365,519,394,512,600,514,693,506,769,515,840,505,917,511,972,506,1043,521,1152,513,1202,505,1279,506
06601.bmp,0,609,182,604,341,586,365,574,594,549,760,523,802,510,841,506,888,505,947,491,1024,494,1113,467,1169,455,1198,452,1279,431
06651.bmp,0,553,82,553,182,556,284,549,331,545,514,529,567,528,611,517,679,524,785,505,841,507,910,499,994,506,1056,498,1123,486,1182,476,1242,470,1253,465,1279,465
06701.bmp,0,455,132,472,310,480,407,483,518,490,600,494,630,493,686,503,747,501,791,503,835,507,875,503,981,526,1076,525,1114,522,1193,527,1245,531,1279,526
06751.bmp,0,494,150,499,315,495,337,487,552,484,601,480,634,478,692,483,753,477,794,468,839,477,892,471,953,479,1030,482,1101,469,1154,468,1235,471,1279,469
06801.bmp,0,552,77,549,170,536,297,516,377,502,492,490,591,481,676,471,722,461,774,449,815,453,859,440,955,441,1020,443,1086,428,1125,424,1179,417,1229,412,1252,402,1279,398
06851.bmp,0,536,170,527,264,513,485,498,553,491,604,487,637,489,697,473,750,473,798,476,833,468,894,469,948,472,1028,457,1098,449,1145,452,1204,446,1215,438,1279,436
06901.bmp,0,471,118,470,215,473,256,461,424,464,482,463,537,460,556,454,632,463,694,458,776,464,857,459,948,481,1066,472,1196,477,1220,470,1279,475
06951.bmp,0,456,167,458,256,449,458,441,534,443,582,445,637,448,742,441,785,453,827,448,898,455,952,466,1035,461,1069,457,1149,468,1215,465,1279,470
07001.bmp,0,466,220,457,247,450,452,445,523,437,592,431,633,440,696,428,772,438,822,432,938,453,1067,443,1196,449,1279,454
07051.bmp,0,463,171,463,257,457,468,454,545,450,633,458,718,454,787,461,844,455,952,478,1031,469,1085,469,1200,477,1225,469,1279,477
07101.bmp,0,494,194,496,247,481,449,478,512,471,552,468,645,480,709,464,782,476,848,465,925,480,1026,470,1082,470,1198,469,1279,466
07151.bmp,0,484,180,486,219,473,386,472,488,470,523,460,593,472,688,456,758,465,826,463,900,470,1031,464,1163,466,1185,458,1279,461
07201.bmp,0,417,174,428,253,419,458,435,575,431,632,446,715,441,787,458,858,457,936,476,1074,479,1202,495,1218,492,1279,503
07251.bmp,0,209,267,318,375,344,580,423,668,452,709,478,805,504,858,533,926,550,983,590,1048,617,1135,651,1207,677,1241,698,1259,699,1279,706
07301.bmp,0,152,195,243,302,288,419,341,492,357,650,425,703,448,752,472,779,476,819,500,881,531,925,539,974,573,1027,593,1059,609,1108,654,1182,686,1231,698,1279,732
07351.bmp,0,165,147,233,317,301,478,373,576,417,636,431,752,483,847,528,909,548,965,575,1011,595,1056,610,1123,651,1169,664,1210,686,1244,716,1279,736
07401.bmp,0,190,152,246,373,334,465,384,583,424,705,476,778,496,895,540,981,574,1050,602,1137,643,1195,660,1238,675,1259,689,1279,698
07451.bmp,0,206,181,278,303,326,436,378,628,459,778,516,864,546,880,547,1019,596,1067,611,1147,644,1213,667,1240,679,1279,694
07501.bmp,0,180,141,244,360,350,529,429,773,539,915,599,992,622,1084,658,1152,692,1233,721,1279,742
07551.bmp,0,180,251,288,419,363,621,454,849,556,1013,620,1111,658,1150,673,1279,721
07601.bmp,0,314,237,384,584,475,815,537,1075,600,1140,610,1243,633,1279,635
07651.bmp,0,482,281,491,663,491,920,493,1128,494,1279,483
07701.bmp,0,524,332,506,684,483,988,460,1217,436,1279,432
07751.bmp,0,460,198,471,609,491,891,501,1080,502,1188,503,1279,501
07801.bmp,0,211,237,308,474,410,794,535,1117,665,1279,725
07851.bmp,0,65,184,175,555,406,806,558,922,630,996,679,1090,742,1231,823,1279,850
07901.bmp,0,232,246,329,571,456,984,609,1113,658,1233,702,1279,720
07951.bmp,0,222,168,288,402,377,718,495,901,570,1035,616,1126,653,1249,701,1279,710
08001.bmp,0,175,231,295,657,486,865,586,956,628,1052,676,1180,733,1279,767
08051.bmp,0,325,265,379,854,506,1192,581,1279,602
08101.bmp,0,492,439,498,970,488,1279,477
08151.bmp,0,445,300,471,767,499,1014,509,1279,517
08201.bmp,0,424,282,437,753,455,1176,484,1279,491
08251.bmp,0,403,216,397,540,394,841,408,1060,428,1279,450
08301.bmp,0,368,262,356,615,361,960,382,1146,411,1279,434
08351.bmp,0,367,392,366,828,391,1127,432,1279,458
08401.bmp,0,324,185,349,470,396,810,459,1038,505,1279,559
08451.bmp,0,395,321,418,727,460,981,482,1198,513,1279,517
08501.bmp,0,509,565,477,920,458,1279,436
08551.bmp,0,530,227,513,744,472,1039,448,1279,424
08601.bmp,0,452,253,466,539,479,865,488,1059,494,1279,503
08651.bmp,0,417,465,465,950,506,1279,533
08701.bmp,0,448,296,468,579,481,1007,498,1279,507
08751.bmp,0,495,217,501,492,505,696,501,897,495,1092,493,1222,489,1279,483
08801.bmp,0,461,127,455,328,449,655,431,856,430,1083,434,1213,435,1279,435
08851.bmp,0,386,74,378,206,375,520,377,781,386,1028,409,1279,443
08901.bmp,0,359,147,348,343,347,538,350,774,359,1000,385,1177,413,1279,433
08951.bmp,0,367,123,361,248,354,398,355,596,364,785,373,919,384,1067,403,1196,426,1279,443
09001.bmp,0,336,210,330,558,342,825,368,1041,399,1279,447
09051.bmp,0,359,140,357,296,364,533,376,748,388,949,413,1162,446,1279,469
09101.bmp,0,369,230,390,528,424,973,479,1279,529
09151.bmp,0,159,186,233,424,329,708,450,922,546,1064,614,1132,650,1279,725
09201.bmp,0,122,101,181,358,297,671,447,872,545,1018,623,1101,662,1279,754
09251.bmp,0,133,87,165,138,184,200,214,238,249,353,298,550,390,778,500,1013,618,1089,655,1279,754
09301.bmp,0,167,82,201,224,267,263,272,326,310,370,336,446,366,536,406,740,504,996,622,1081,662,1279,753
09351.bmp,0,213,59,240,201,290,375,352,471,392,505,413,626,450,818,525,1063,615,1142,646,1279,696
09401.bmp,0,379,46,377,111,396,286,424,391,435,431,440,504,458,554,472,692,481,737,498,932,519,1137,549,1279,564
09451.bmp,0,434,56,440,103,436,147,445,429,455,470,449,593,465,707,464,749,464,797,468,1097,477,1279,486
09501.bmp,0,438,46,449,58,444,190,448,434,452,455,445,548,454,601,465,726,457,826,461,1079,472,1279,479
09551.bmp,0,447,27,455,41,447,109,450,328,454,418,450,446,446,514,449,566,460,832,457,1061,465,1279,468
09601.bmp,0,409,156,426,470,464,692,490,1279,537
09651.bmp,0,398,314,443,719,490,1279,550
09701.bmp,0,251,335,360,724,486,954,558,1185,632,1279,666
09751.bmp,0,166,177,240,394,325,595,408,732,460,780,493,1066,610,1136,645,1279,710
09801.bmp,0,126,49,159,132,191,191,237,319,288,424,344,441,344,491,375,567,411,700,472,796,512,902,580,1011,628,1077,665,1279,766
09851.bmp,0,131,50,166,101,181,183,210,219,235,263,256,316,287,362,316,460,351,548,396,624,431,792,509,945,576,1028,621,1094,660,1232,725,1279,752
09901.bmp,0,172,72,201,116,210,158,237,227,262,325,307,378,321,429,360,474,383,573,418,757,496,1004,605,1122,650,1192,688,1279,723
09951.bmp,0,179,142,238,201,262,244,278,308,311,378,332,453,368,515,391,571,421,653,465,736,490,1036,619,1117,651,1279,714
10001.bmp,0,158,81,190,110,192,336,288,392,305,459,349,545,371,595,408,665,431,727,475,846,527,977,587,1036,620,1111,658,1279,734
10051.bmp,0,155,187,246,260,268,469,361,541,391,568,411,678,457,736,489,792,517,858,564,974,608,999,619,1082,665,1162,707,1260,756,1279,764
10101.bmp,0,230,310,336,384,350,558,399,616,424,703,444,724,464,824,484,888,515,933,524,1014,570,1118,607,1189,633,1279,663
10151.bmp,0,486,395,481,430,472,608,467,684,465,722,459,772,464,810,464,882,452,942,457,976,455,1008,453,1057,457,1112,465,1159,461,1204,459,1238,449,1279,454
10201.bmp,0,570,359,528,401,512,601,478,639,476,711,459,755,465,814,447,872,441,930,434,985,430,1045,432,1174,405,1193,399,1251,394,1279,387
10251.bmp,0,461,271,476,351,483,373,470,610,472,669,467,730,476,801,471,905,478,969,477,1044,492,1115,487,1178,487,1222,489,1279,489
10301.bmp,0,479,313,469,353,456,558,454,649,442,714,455,818,440,894,446,955,446,1036,461,1158,446,1279,450
10351.bmp,0,558,314,523,332,515,595,486,635,467,700,475,773,454,862,449,904,437,1004,444,1134,413,1221,405,1279,397
10401.bmp,0,391,247,409,311,407,512,414,604,420,658,429,748,430,833,445,884,444,961,469,1015,471,1099,480,1161,483,1246,501,1279,498
10451.bmp,0,504,253,479,295,465,542,446,610,441,693,435,745,423,819,426,908,422,988,430,1101,415,1208,414,1279,407
10501.bmp,0,490,189,489,273,475,463,468,517,467,572,457,620,468,726,450,782,456,843,448,934,463,1056,449,1113,450,1179,447,1197,444,1279,445
10551.bmp,0,417,225,443,294,437,478,449,556,454,595,448,642,464,740,459,821,478,914,487,969,501,1098,502,1231,516,1279,515
10601.bmp,0,382,287,411,334,407,568,430,626,430,716,449,795,448,864,466,937,469,1013,498,1147,504,1244,515,1279,524
10651.bmp,0,461,323,453,418,438,530,435,601,435,681,434,724,442,802,426,891,430,967,431,1058,447,1161,443,1228,443,1279,444
10701.bmp,0,513,284,492,336,482,560,459,629,455,651,441,718,456,804,438,864,441,908,434,960,433,1022,444,1145,426,1222,426,1279,422
10751.bmp,0,458,310,469,328,458,440,455,600,466,622,453,697,468,777,457,861,469,970,476,1041,486,1149,480,1223,481,1279,487
10801.bmp,0,428,277,448,309,437,525,441,576,444,602,437,674,455,758,448,844,463,918,455,999,481,1138,480,1236,494,1279,495
10851.bmp,0,477,291,477,335,461,556,466,625,459,683,466,766,459,856,460,910,454,999,469,1106,468,1160,464,1245,466,1279,468
10901.bmp,0,491,265,477,301,464,484,450,535,453,615,442,667,452,749,433,834,441,909,430,999,446,1113,432,1253,432,1279,423
10951.bmp,0,470,265,471,303,460,526,458,598,452,674,464,784,450,848,459,927,454,989,468,1126,464,1193,465,1258,464,1279,463
11001.bmp,0,463,256,458,301,449,528,446,649,446,673,452,774,437,843,447,936,448,1002,468,1134,454,1266,459,1279,453
11051.bmp,0,455,274,453,294,450,600,452,800,453,950,464,1160,468,1279,466
11101.bmp,0,460,289,452,526,450,714,446,826,446,898,442,1009,460,1162,457,1279,459
11151.bmp,0,453,234,452,349,440,514,438,636,438,677,445,762,431,844,440,919,436,996,459,1137,450,1279,461
11201.bmp,0,215,345,338,379,336,592,415,691,447,738,472,849,504,897,537,974,563,1021,602,1165,644,1232,674,1279,695
11251.bmp,0,84,382,293,520,364,592,394,805,512,856,533,898,572,977,602,1073,661,1132,696,1189,753,1248,782,1266,785,1279,793
11301.bmp,0,159,319,311,569,432,702,496,765,512,979,606,1091,658,1103,672,1189,697,1237,718,1265,736,1279,743
11351.bmp,0,191,251,301,408,383,648,486,876,586,948,598,1094,663,1187,702,1237,712,1270,731,1279,742
11401.bmp,0,268,297,371,674,494,970,588,1081,610,1179,634,1279,660
11451.bmp,0,406,355,455,734,499,1140,544,1211,540,1279,539
11501.bmp,0,467,510,499,836,512,1147,512,1216,514,1247,504,1279,502
11551.bmp,0,465,478,469,695,475,1089,476,1235,479,1279,466
11601.bmp,0,421,338,442,719,471,1114,498,1233,504,1279,504
11651.bmp,0,488,314,490,582,486,885,482,1164,471,1279,463
11701.bmp,0,466,511,464,841,464,1142,464,1279,456
11751.bmp,0,465,296,465,607,465,864,463,1066,460,1206,460,1239,458,1265,450,1279,450
11801.bmp,0,311,347,382,648,446,982,521,1158,561,1237,585,1279,585
11851.bmp,0,130,227,224,604,395,785,484,1024,609,1122,662,1250,733,1279,748
11901.bmp,0,132,424,324,710,472,946,590,1022,628,1098,676,1279,770
11951.bmp,0,180,307,303,588,423,910,563,1017,610,1127,657,1229,702,1279,729
12001.bmp,0,159,249,263,547,386,890,537,1044,607,1138,652,1279,729
12051.bmp,0,314,473,410,1021,528,1279,594
12101.bmp,0,417,595,465,1027,502,1279,522
12151.bmp,0,480,328,467,655,442,958,431,1174,432,1279,429
12201.bmp,0,483,518,442,767,429,1030,421,1279,414
12251.bmp,0,401,305,428,589,450,1060,490,1279,514
12301.bmp,0,356,548,424,1004,499,1279,550
12351.bmp,0,438,518,448,972,468,1279,478
12401.bmp,0,466,419,455,756,443,976,443,1120,443,1231,440,1279,441
12451.bmp,0,459,510,452,843,449,1065,450,1236,456,1279,457
12501.bmp,0,435,625,450,919,461,1158,471,1279,480
12551.bmp,0,454,451,455,716,457,1017,460,1075,457,1202,467,1279,466
12601.bmp,0,421,233,426,667,445,1034,464,1069,460,1162,468,1188,477,1279,481
12651.bmp,0,431,289,434,630,437,827,447,980,457,1049,454,1164,455,1191,466,1279,470
12701.bmp,0,449,250,438,510,432,772,433,1031,436,1092,429,1173,433,1211,438,1279,443
12751.bmp,0,444,317,435,601,436,784,431,964,432,1052,435,1132,434,1169,441,1279,444
12801.bmp,0,413,368,422,623,432,903,447,1089,455,1196,469,1279,475
12851.bmp,0,441,225,436,532,440,860,447,1104,454,1180,458,1279,468
12901.bmp,0,339,512,417,948,490,1154,515,1226,536,1279,546
12951.bmp,0,452,315,440,578,432,754,431,952,432,1112,426,1248,428,1279,432
13001.bmp,0,484,163,469,428,456,601,445,779,438,1000,428,1094,422,1163,422,1279,421
13051.bmp,0,457,442,486,830,499,988,492,1094,498,1196,503,1279,504
13101.bmp,0,328,248,401,550,479,823,549,1015,582,1049,585,1209,627,1279,646
13151.bmp,0,360,137,396,335,438,543,483,653,507,792,540,1084,585,1238,605,1279,612
13201.bmp,0,448,218,481,627,514,736,526,1023,530,1172,537,1244,530,1279,528
13251.bmp,0,397,212,424,369,438,450,452,578,463,717,480,851,487,1051,502,1157,523,1279,533
13301.bmp,0,490,258,519,553,536,749,544,1083,545,1122,538,1279,530
13351.bmp,0,418,229,422,400,432,624,436,684,430,789,444,974,444,1054,456,1279,465
13401.bmp,0,420,248,425,425,434,592,444,657,444,824,450,908,446,1007,457,1167,464,1239,473,1279,478
13451.bmp,0,432,175,435,308,442,493,444,577,449,702,455,783,449,856,457,1025,458,1086,454,1220,473,1279,469
13501.bmp,0,415,173,421,410,432,675,444,790,456,942,461,1114,470,1188,461,1231,471,1279,475
13551.bmp,0,400,157,405,489,433,696,453,909,471,930,464,1028,463,1138,484,1240,491,1279,502
13601.bmp,0,433,313,434,573,440,786,446,1011,459,1020,453,1119,437,1152,452,1179,452,1279,461
13651.bmp,0,432,257,435,279,434,334,442,750,438,795,440,896,426,954,431,1014,434,1109,448,1279,453
13701.bmp,0,403,380,440,733,466,815,475,816,458,944,461,992,480,998,473,1032,473,1083,487,1263,504,1279,506
13751.bmp,0,400,57,400,70,407,74,411,210,429,240,424,343,441,562,461,570,453,687,450,759,472,773,465,802,464,828,475,874,488,1279,522
13801.bmp,0,390,38,389,94,408,153,392,207,413,250,422,677,437,926,447,1279,471
13851.bmp,0,401,474,432,637,436,708,444,829,442,886,455,956,453,1042,477,1160,473,1279,488
13901.bmp,0,395,513,431,625,443,701,430,771,446,840,446,934,471,1058,478,1180,490,1203,487,1279,500
13951.bmp,0,406,355,419,394,434,470,428,571,443,625,441,674,448,711,461,832,466,950,479,1007,478,1204,491,1244,501,1279,501
14001.bmp,0,398,170,405,223,414,404,414,456,428,575,418,633,434,683,434,777,457,903,453,1020,471,1064,466,1113,482,1279,489
14051.bmp,0,409,325,422,424,425,538,425,595,442,698,430,759,445,800,443,902,465,1023,461,1154,475,1173,470,1279,487
14101.bmp,0,401,305,419,505,421,583,435,667,428,744,440,829,446,899,465,1021,463,1149,481,1182,472,1244,488,1279,490
14151.bmp,0,397,169,402,446,426,584,432,637,436,695,436,732,453,809,448,872,449,897,458,955,460,1035,480,1172,493,1244,495,1279,501
14201.bmp,0,395,187,413,303,414,411,426,477,419,538,434,626,430,710,442,766,444,862,464,994,470,1100,480,1123,478,1204,487,1279,494
14251.bmp,0,394,201,413,480,428,564,441,612,433,686,438,721,448,771,447,883,473,952,472,1112,491,1134,486,1279,507
14301.bmp,0,399,260,418,432,424,489,424,544,437,657,432,720,442,769,442,868,467,1024,468,1122,482,1176,483,1249,493,1279,493
14351.bmp,0,402,200,413,367,426,394,421,457,434,592,433,632,444,700,441,772,466,955,468,1044,479,1154,492,1279,496