08651.bmp,0,402,24,409,81,413,77,402,105,399,121,393,151,390,265,409,317,423,317,430,489,440,533,435,566,441,586,446,621,444,646,448,666,443,712,444,738,451,761,453,781,449,821,454,843,458,867,463,900,474,959,479,983,474,999,477,1025,474,1050,479,1087,478,1109,482,1279,485
08701.bmp,0,389,25,392,39,380,58,393,111,398,107,383,147,378,182,371,243,385,312,401,352,412,352,419,526,437,578,432,614,439,634,445,656,445,689,450,710,443,731,445,753,448,782,455,803,457,839,455,881,459,905,471,935,478,955,484,1071,489,1095,489,1106,493,1129,493,1152,496,1210,505,1279,505
08751.bmp,0,397,30,405,28,392,55,385,95,373,131,375,237,393,289,408,290,416,496,428,557,424,615,436,690,434,794,443,883,452,931,468,1044,468,1123,474,1181,481,1279,484
08801.bmp,0,371,97,380,129,393,157,399,155,409,432,427,527,424,594,438,658,435,745,438,838,448,895,464,1010,465,1088,468,1151,480,1185,474,1216,481,1279,482
08851.bmp,0,387,344,415,443,424,503,423,539,426,557,436,613,436,647,430,701,435,713,440,733,441,780,441,816,445,874,462,925,466,984,468,1006,463,1035,472,1057,470,1075,475,1121,481,1142,477,1222,491,1279,490
08901.bmp,0,379,180,396,184,416,306,419,460,432,530,432,568,443,630,444,661,438,696,441,720,451,753,450,794,451,821,455,840,462,861,469,877,475,959,480,1005,479,1062,481,1129,491,1162,489,1213,497,1279,503
08951.bmp,0,382,263,453,379,475,537,508,566,505,625,527,650,524,681,534,702,529,769,542,799,550,865,556,937,586,1009,592,1062,590,1083,598,1239,613,1279,619
09001.bmp,0,463,298,497,428,496,579,505,655,506,679,516,731,513,775,507,820,513,852,516,927,514,990,527,1059,528,1115,524,1144,523,1206,523,1247,525,1279,520
09051.bmp,0,553,265,554,305,547,417,540,559,533,653,525,675,531,690,524,729,524,746,514,781,511,819,513,852,511,870,504,915,497,990,506,1072,494,1116,483,1182,474,1251,469,1279,459
09101.bmp,0,519,185,531,274,528,398,522,506,520,602,514,651,520,708,518,721,510,794,508,900,502,966,518,1032,510,1049,502,1070,504,1098,497,1126,502,1160,491,1226,491,1253,482,1279,483
09151.bmp,0,502,219,513,256,510,369,509,507,514,568,507,611,513,650,515,688,514,705,508,765,508,790,513,809,511,822,508,874,507,917,514,945,521,981,520,1005,515,1035,510,1072,508,1096,509,1136,505,1197,506,1229,497,1279,504
09201.bmp,0,504,209,520,246,518,256,511,538,520,568,509,624,521,645,515,665,517,698,513,747,509,780,516,802,516,815,508,896,513,957,525,989,521,1014,519,1037,515,1047,518,1072,507,1098,514,1139,506,1206,507,1229,500,1279,503
09251.bmp,0,500,205,515,217,507,240,516,255,506,359,507,529,514,563,508,614,516,685,516,724,506,785,513,881,508,948,524,1009,521,1062,515,1074,506,1094,515,1128,510,1143,506,1152,508,1203,508,1227,500,1279,502
09301.bmp,0,603,241,567,349,550,481,534,541,521,611,521,688,496,757,490,869,469,917,477,1047,445,1182,418,1279,399
09351.bmp,0,688,159,654,261,625,378,596,427,590,470,569,533,562,600,536,707,513,805,482,845,485,899,465,950,446,978,434,1024,425,1059,411,1089,401,1117,390,1162,379,1205,364,1255,349,1279,337
09401.bmp,0,697,45,677,167,643,251,622,364,590,400,579,423,585,480,567,496,554,547,536,573,538,661,508,718,502,755,493,812,474,843,462,866,451,884,451,975,422,998,403,1044,398,1279,312
09451.bmp,0,674,47,666,169,638,193,636,241,619,366,595,426,572,463,571,502,560,557,544,612,542,659,533,705,514,751,498,809,482,875,466,886,455,963,437,1214,352,1264,326,1279,323
09501.bmp,0,659,80,648,140,629,196,632,239,619,344,592,383,588,452,569,516,569,561,563,600,547,650,530,713,515,776,501,795,491,919,463,1052,421,1123,397,1170,377,1220,363,1279,349
09551.bmp,0,630,53,629,79,632,143,620,168,606,192,601,316,584,372,581,413,582,499,563,543,547,587,541,676,521,773,505,1006,446,1061,424,1112,415,1131,406,1177,406,1279,372
09601.bmp,0,659,39,663,58,648,103,638,142,636,170,634,214,622,233,619,384,601,444,584,509,570,568,556,671,531,896,468,963,441,1012,431,1030,418,1079,415,1121,408,1279,352
09651.bmp,0,664,43,663,118,646,194,650,273,633,401,600,455,597,471,584,588,562,680,536,803,501,851,483,896,472,910,463,971,457,1117,414,1279,356
09701.bmp,0,655,31,659,76,662,135,655,170,638,197,641,218,627,251,627,373,599,581,557,669,533,747,511,825,490,869,487,1036,439,1167,397,1279,358
09751.bmp,0,672,32,665,56,653,80,659,101,643,133,651,244,626,402,598,594,560,671,538,711,525,760,522,926,477,1083,430,1199,391,1279,363
09801.bmp,0,608,86,601,173,596,313,586,513,563,533,553,608,546,689,541,765,533,864,513,1014,485,1152,455,1279,425
09851.bmp,0,650,42,652,52,642,252,626,388,603,466,582,530,573,579,572,696,550,1005,469,1163,423,1279,384
09901.bmp,0,680,167,664,300,638,432,609,456,600,494,602,573,587,698,555,947,484,1117,425,1279,364
09951.bmp,0,675,151,661,272,632,459,614,578,580,699,553,915,493,1104,435,1279,371
10001.bmp,0,689,132,667,173,653,238,649,323,646,465,610,572,585,695,556,844,511,979,470,1137,417,1279,362
10051.bmp,0,676,40,679,59,665,113,668,138,660,199,662,322,642,469,613,572,593,703,559,790,537,971,483,1118,437,1251,396,1279,379
10101.bmp,0,688,28,684,97,690,178,679,219,677,330,652,499,617,569,600,710,562,859,529,981,490,1117,443,1225,403,1279,380
10151.bmp,0,695,84,691,328,648,489,616,575,594,709,560,864,521,999,480,1115,440,1207,406,1279,375
10201.bmp,0,689,109,681,232,663,321,646,465,612,573,593,704,559,856,520,1025,470,1165,422,1279,379
10251.bmp,0,666,84,666,170,652,289,637,443,610,574,588,704,558,806,536,915,511,1028,481,1126,452,1214,428,1279,409
10301.bmp,0,488,86,503,216,525,337,537,430,550,529,559,587,567,714,573,898,583,1051,586,1152,584,1279,579
10351.bmp,0,503,212,523,497,538,821,542,1090,537,1279,529
10401.bmp,0,503,183,532,367,547,545,561,594,561,714,562,951,567,1105,562,1228,557,1279,548
10451.bmp,0,478,223,519,415,542,548,549,591,555,712,561,917,577,1118,576,1214,574,1279,571
10501.bmp,0,466,124,481,342,507,465,517,611,531,907,550,1205,559,1279,558
10551.bmp,0,503,142,517,288,531,421,538,564,544,714,547,892,547,1099,551,1279,536
10601.bmp,0,513,230,538,486,558,582,562,712,562,880,569,1011,562,1129,566,1219,553,1279,544
10651.bmp,0,494,132,518,283,532,412,543,517,551,595,555,700,555,886,564,1028,564,1181,566,1279,563
10701.bmp,0,517,87,533,207,538,318,541,404,548,510,556,603,556,701,549,806,551,907,548,996,545,1076,542,1131,538,1193,535,1244,528,1279,522
10751.bmp,0,502,154,528,308,544,468,558,587,567,713,567,890,573,1084,572,1221,573,1279,564
10801.bmp,0,492,137,515,288,532,465,550,594,556,703,559,896,564,1108,568,1279,558
10851.bmp,0,529,73,536,164,545,428,556,592,560,708,555,874,554,1000,551,1103,546,1190,540,1240,533,1279,527
10901.bmp,0,540,77,547,193,556,362,561,489,561,578,564,725,553,820,547,955,549,1047,532,1139,528,1195,523,1241,518,1279,514
10951.bmp,0,485,132,504,270,520,381,524,466,531,570,540,635,540,712,543,806,542,890,543,959,543,1038,546,1134,546,1204,545,1259,544,1279,544
11001.bmp,0,556,82,556,167,548,303,546,439,532,538,532,634,521,714,515,804,506,870,491,1010,475,1111,462,1188,450,1248,448,1279,442
11051.bmp,0,655,151,620,216,611,328,584,565,523,853,452,1081,389,1217,345,1279,329
11101.bmp,0,685,128,662,256,627,366,589,598,518,759,468,911,425,1073,372,1189,332,1279,296
11151.bmp,0,649,192,607,316,576,579,509,858,439,1100,374,1279,324
11201.bmp,0,672,225,610,321,585,559,519,895,428,1097,372,1233,327,1279,314
11251.bmp,0,666,210,609,312,581,643,488,1161,338,1279,300
11301.bmp,0,660,207,610,302,583,838,438,1159,349,1279,320
11351.bmp,0,648,199,605,308,576,618,503,856,442,1040,392,1127,367,1214,346,1279,326
11501.bmp,0,664,204,611,313,582,561,515,794,450,972,396,1066,364,1174,319,1194,317,1279,287
11551.bmp,0,651,199,603,298,577,408,551,601,498,710,475,853,435,952,401,1012,380,1095,357,1220,319,1256,309,1279,295
11601.bmp,0,652,194,605,289,576,538,511,659,476,834,424,910,395,995,374,1106,340,1149,327,1182,314,1213,307,1231,307,1279,287
11651.bmp,0,675,215,614,312,583,497,523,665,481,773,442,891,396,994,364,1106,325,1182,301,1249,274,1268,274,1279,268
11701.bmp,0,659,207,609,313,576,474,541,594,507,652,482,670,472,772,440,813,429,906,403,952,386,977,375,1013,372,1044,360,1076,354,1105,340,1146,330,1188,322,1219,307,1247,299,1268,296,1279,296
11751.bmp,0,639,180,594,271,572,476,520,529,504,558,493,566,489,656,459,695,454,808,422,863,399,898,395,951,379,990,366,1028,349,1077,349,1143,324,1184,319,1223,320,1259,310,1279,304
11801.bmp,0,661,197,603,289,576,448,532,466,518,565,487,602,482,690,454,749,430,786,419,815,417,872,397,897,384,959,369,981,367,1047,344,1119,337,1170,319,1208,301,1226,299,1242,288,1272,286,1279,282
11851.bmp,0,628,168,592,262,569,353,544,376,534,471,508,620,468,700,450,766,430,819,414,880,401,958,384,1016,379,1063,367,1094,354,1127,351,1141,344,1160,340,1259,318,1279,310
11901.bmp,0,650,180,599,266,572,368,537,393,537,493,506,536,494,579,476,612,476,652,458,680,455,737,431,771,428,787,428,815,415,852,408,899,404,948,391,973,377,1004,370,1040,356,1069,349,1136,331,1160,325,1170,314,1279,293
11951.bmp,0,659,54,647,105,633,123,619,152,612,190,599,273,574,376,543,424,533,459,517,498,511,531,507,568,492,621,470,683,463,751,437,838,426,936,389,1045,363,1128,343,1218,320,1279,303
12001.bmp,0,605,44,597,127,573,213,554,312,532,356,519,410,518,463,496,527,477,559,477,604,464,630,455,690,453,734,450,771,442,819,419,862,404,938,395,1083,358,1208,333,1279,318
12051.bmp,0,482,357,467,584,459,664,469,771,456,898,458,1279,446
12101.bmp,0,376,296,401,345,413,411,416,455,409,527,430,595,429,674,459,735,459,777,461,835,463,932,480,1279,530
12151.bmp,0,323,26,323,115,330,171,343,308,369,424,393,539,410,653,436,779,474,937,503,1098,546,1216,577,1279,589
12201.bmp,0,450,58,451,109,445,163,440,226,436,270,436,342,432,441,434,651,431,768,441,816,443,880,442,915,435,971,440,1031,443,1091,440,1159,444,1253,445,1279,445
12251.bmp,0,488,29,482,59,487,103,476,171,469,227,467,327,467,371,463,404,456,439,463,484,462,525,457,585,453,620,458,685,445,744,464,797,464,834,450,857,452,890,444,973,450,1019,448,1279,441
12301.bmp,0,408,27,413,61,415,96,416,193,423,326,434,440,444,513,451,536,443,602,459,679,459,742,482,788,489,828,483,867,482,903,489,998,503,1073,508,1184,519,1279,527
12351.bmp,0,392,99,401,222,402,285,415,369,419,417,428,473,432,511,442,593,441,654,455,725,459,781,478,847,488,920,490,1004,500,1086,509,1226,530,1279,538
12401.bmp,0,428,118,429,229,427,292,430,410,441,502,443,575,451,655,446,763,456,839,474,929,477,988,469,1012,478,1082,481,1147,490,1220,502,1255,504,1279,508
12451.bmp,0,463,92,461,114,458,147,448,293,452,451,456,605,455,709,452,845,459,956,471,1053,463,1101,459,1217,466,1279,465
12501.bmp,0,451,140,443,233,442,311,448,400,449,486,456,571,459,607,451,660,450,760,453,821,458,871,467,967,468,1050,464,1101,459,1205,464,1243,467,1279,469
12551.bmp,0,445,124,443,254,441,365,441,438,442,547,443,681,453,758,455,837,475,950,462,1045,471,1089,468,1176,475,1279,479
12601.bmp,0,423,111,424,160,427,234,429,290,429,424,437,487,438,621,452,747,456,861,467,923,481,1003,482,1068,484,1149,491,1251,502,1279,503
12651.bmp,0,432,102,434,175,431,238,431,396,444,443,446,611,448,727,454,836,464,969,482,1089,488,1176,485,1279,494
12701.bmp,0,469,127,462,207,462,313,451,402,455,531,459,640,456,725,452,801,452,897,468,942,461,986,455,1070,450,1120,465,1210,464,1279,467
12751.bmp,0,487,88,477,177,472,291,462,356,469,441,465,499,455,552,458,661,449,722,454,798,454,841,462,928,464,965,455,1034,449,1119,452,1180,450,1231,451,1279,450
12801.bmp,0,456,134,450,174,446,251,448,308,449,372,449,439,454,490,448,541,455,588,456,627,444,673,448,723,456,780,452,820,455,874,477,942,463,1043,466,1104,470,1146,468,1194,472,1254,475,1279,475
12851.bmp,0,422,128,428,184,425,268,425,324,426,446,438,509,434,554,443,629,446,677,443,725,453,783,453,812,456,880,476,926,477,963,475,1017,474,1068,482,1135,492,1152,488,1279,500
12901.bmp,0,457,139,456,188,455,300,448,417,449,509,449,554,448,571,459,657,449,717,451,799,452,870,465,930,472,971,468,1010,462,1066,470,1144,475,1152,465,1279,475
12951.bmp,0,471,146,465,185,459,298,456,422,455,494,449,552,462,577,453,628,455,663,442,693,451,774,451,834,453,889,468,960,467,1015,461,1075,463,1129,462,1158,457,1279,466
13001.bmp,0,471,85,470,173,469,257,458,341,463,431,458,537,452,563,463,628,454,698,455,784,454,853,467,912,471,959,459,1011,464,1076,464,1132,466,1174,463,1279,469
13051.bmp,0,619,131,581,226,555,430,506,492,496,551,485,636,463,783,436,851,435,917,410,988,397,1071,384,1105,371,1279,335
13101.bmp,0,666,25,668,119,635,185,620,215,607,298,580,354,554,405,546,471,528,539,498,612,475,695,461,730,454,767,440,793,427,815,424,846,409,882,400,953,377,988,361,1055,344,1143,316,1230,287,1279,272
13151.bmp,0,637,24,638,174,597,271,570,305,553,345,550,383,530,427,524,445,518,461,520,529,494,589,492,633,485,681,463,719,455,779,439,842,423,856,412,1007,374,1149,333,1232,307,1242,295,1279,296
13201.bmp,0,634,24,623,43,627,78,614,99,605,117,599,139,597,160,596,170,594,244,564,292,546,335,550,369,541,412,527,452,525,500,522,534,511,566,498,588,488,618,479,680,462,710,452,768,438,829,419,878,415,925,396,1012,377,1083,357,1121,343,1160,325,1217,316,1253,308,1279,307
13251.bmp,0,615,50,615,85,602,116,596,145,584,234,563,297,547,344,540,387,538,420,535,459,523,502,511,527,497,601,480,645,470,712,455,796,438,880,413,971,391,1037,372,1085,360,1150,347,1246,330,1279,319
13351.bmp,0,603,29,606,61,590,90,587,146,584,243,567,320,545,381,537,441,521,620,480,869,415,1034,387,1193,346,1279,325
13401.bmp,0,622,40,622,105,608,154,592,271,558,482,509,821,422,888,412,990,389,1054,371,1166,349,1231,324,1279,311
13451.bmp,0,527,69,518,128,509,288,500,505,483,653,471,695,458,740,461,802,456,998,443,1161,429,1279,412
13501.bmp,0,436,39,436,74,430,117,431,212,442,259,443,409,454,646,461,700,461,767,471,1279,495
13551.bmp,0,570,41,558,86,550,149,545,220,536,238,524,391,508,567,483,633,467,686,461,754,458,1279,372
13601.bmp,0,655,22,654,75,637,132,628,146,617,202,607,306,579,510,525,538,510,568,506,589,498,611,492,660,485,1279,303
13651.bmp,0,659,32,645,204,605,308,579,422,541,513,521,543,518,898,422,1111,359,1279,309
13701.bmp,0,634,39,633,108,611,188,593,298,569,405,544,455,536,644,495,828,442,1015,397,1163,357,1279,325
13751.bmp,0,659,40,650,116,636,210,608,283,573,324,588,522,542,695,495,887,443,1080,388,1219,343,1279,324
13801.bmp,0,686,35,682,57,672,82,671,102,656,141,654,165,648,178,640,226,639,258,627,371,593,529,546,649,508,784,470,878,437,971,406,1061,377,1168,339,1279,303
13851.bmp,0,636,37,629,67,621,109,621,181,603,292,571,522,514,660,481,770,454,945,405,1094,367,1220,331,1279,316
13901.bmp,0,601,91,590,149,581,244,560,388,534,444,527,908,430,1147,382,1279,349
13951.bmp,0,651,192,606,290,579,543,506,879,404,1161,324,1279,292
14001.bmp,0,612,165,592,276,571,595,508,940,436,1188,384,1279,362
14051.bmp,0,514,208,508,452,497,722,478,985,464,1147,451,1279,440
14101.bmp,0,437,210,446,539,462,837,470,1109,488,1279,495
14151.bmp,0,413,1279,530
14201.bmp,0,434,1279,521
14251.bmp,0,435,166,453,1279,516
14301.bmp,0,446,194,472,786,517,1279,535
14351.bmp,0,415,260,443,798,478,1179,506,1279,509
14401.bmp,0,428,308,454,846,480,1161,496,1279,500
14451.bmp,0,426,266,445,578,467,931,489,1279,510
14501.bmp,0,455,323,469,701,479,983,483,1218,488,1279,489
14551.bmp,0,509,274,505,767,476,1168,453,1279,442
14601.bmp,0,646,202,602,298,577,707,475,1028,390,1279,321
14651.bmp,0,684,243,622,349,587,854,441,1151,343,1279,304
14701.bmp,0,653,201,606,296,579,685,479,1063,375,1279,317
14751.bmp,0,645,181,598,297,569,913,424,1172,360,1279,331
14801.bmp,0,662,205,609,305,581,873,432,1279,311
14851.bmp,0,671,218,614,323,580,554,525,827,446,1182,333,1279,310
14901.bmp,0,646,196,603,295,583,816,455,1113,372,1261,338,1279,332
14951.bmp,0,658,202,608,307,581,602,502,904,418,1013,380,1066,373,1227,329,1253,313,1279,308
15001.bmp,0,658,204,609,301,581,497,527,814,438,912,410,986,395,1078,367,1148,343,1185,329,1221,324,1225,318,1279,298
15051.bmp,0,652,193,605,291,577,652,482,772,444,883,417,1023,374,1064,361,1095,353,1214,312,1279,294
15101.bmp,0,645,188,601,293,575,546,514,739,462,851,436,965,399,1005,388,1122,348,1249,310,1262,309,1279,303
15151.bmp,0,653,197,607,306,579,659,484,849,431,893,418,996,384,1165,336,1187,322,1233,314,1251,312,1279,301
15201.bmp,0,653,199,599,293,575,597,495,765,443,911,397,1079,343,1138,331,1203,308,1261,281,1279,285
15251.bmp,0,635,170,594,281,569,688,458,971,377,1105,347,1184,320,1257,301,1279,297
15301.bmp,0,651,193,601,293,571,582,495,714,451,888,398,943,384,1001,365,1061,340,1115,333,1177,311,1227,306,1279,300
15351.bmp,0,659,199,606,301,577,477,525,598,479,761,431,843,413,929,380,985,367,1059,344,1128,338,1191,321,1223,303,1245,303,1266,292,1279,291
15401.bmp,0,646,187,603,279,574,394,540,501,507,661,464,681,448,739,443,810,422,907,395,978,376,1047,372,1106,356,1134,343,1155,339,1168,332,1188,332,1243,312,1279,309
15451.bmp,0,647,183,601,270,576,305,558,412,531,586,481,709,454,759,431,813,426,889,406,960,403,1024,379,1072,360,1134,348,1194,333,1208,327,1279,312
15501.bmp,0,646,174,597,253,568,406,527,520,500,564,497,603,475,685,458,773,434,816,428,875,423,931,401,991,383,1108,349,1233,320,1279,310
15551.bmp,0,648,72,629,170,593,258,568,395,528,452,523,520,490,574,476,617,471,676,453,744,449,827,415,898,395,981,367,1075,348,1279,295
15601.bmp,0,562,77,548,142,543,280,516,345,514,418,495,519,485,578,467,658,472,776,441,901,428,1134,398,1279,366
15651.bmp,0,397,75,409,194,411,265,417,341,427,420,426,499,441,566,441,636,465,699,469,758,462,821,474,884,472,1002,493,1093,502,1147,506,1202,509,1243,514,1279,513
15701.bmp,0,329,106,344,232,367,332,382,407,396,544,425,613,430,686,464,767,476,803,477,919,505,1034,528,1173,553,1279,576
15751.bmp,0,385,55,384,177,387,260,399,375,408,443,421,546,428,632,441,710,459,764,477,820,478,875,478,942,490,1014,500,1133,521,1238,538,1279,540
15801.bmp,0,429,71,430,193,428,360,440,458,443,559,442,639,449,685,454,780,470,885,464,1008,478,1036,477,1279,493
15851.bmp,0,438,82,438,211,436,393,438,528,448,655,446,767,463,821,469,875,462,941,467,1060,471,1169,480,1279,489
15901.bmp,0,429,71,429,113,425,236,431,420,435,516,448,581,441,658,452,731,457,795,470,891,472,985,475,1027,479,1095,481,1279,497
15951.bmp,0,437,100,441,220,441,460,455,560,459,680,466,750,475,808,488,855,488,876,482,920,481,1001,492,1052,491,1123,494,1198,504,1279,502
16001.bmp,0,423,81,423,136,421,249,425,355,432,432,436,500,445,572,446,654,452,735,454,810,476,882,479,948,478,1066,491,1117,494,1201,503,1279,507
16051.bmp,0,436,37,436,84,434,131,440,159,429,279,439,413,446,470,443,514,453,596,452,691,461,751,461,821,479,868,483,924,483,968,477,1028,488,1091,488,1124,484,1179,496,1240,498,1279,500
16101.bmp,0,453,47,456,143,457,157,452,259,451,286,455,425,456,515,458,593,461,652,457,704,465,770,469,843,484,908,480,964,479,1017,483,1086,483,1131,487,1190,490,1253,492,1279,493
16151.bmp,0,456,47,458,98,454,138,457,168,450,273,449,411,453,479,448,532,455,592,455,653,451,745,458,835,466,875,476,924,472,966,470,1010,469,1079,474,1160,477,1214,480,1279,482
16201.bmp,0,470,85,468,155,459,282,462,479,461,525,468,571,468,605,467,628,461,704,470,772,469,823,482,880,485,944,481,980,472,1049,483,1101,482,1133,476,1170,480,1229,483,1279,483
16251.bmp,0,431,111,436,138,431,169,435,224,432,261,435,293,437,336,438,387,439,435,442,484,441,522,450,604,454,657,450,718,457,804,465,880,480,966,481,1058,483,1120,491,1225,496,1279,498
16301.bmp,0,431,176,434,381,434,677,444,812,457,879,471,996,472,1129,482,1279,493
16351.bmp,0,480,164,476,177,466,289,467,420,462,539,463,625,454,724,459,800,456,867,471,931,466,970,459,1005,458,1112,456,1181,453,1279,461
16401.bmp,0,446,161,442,287,436,391,432,494,431,633,436,727,437,852,446,957,450,993,443,1117,454,1147,454,1196,456,1279,462
16451.bmp,0,404,84,400,158,396,186,387,263,385,333,386,406,382,481,382,564,384,618,380,719,386,791,386,837,398,881,408,935,406,1005,406,1120,417,1235,430,1279,437
16501.bmp,0,374,150,352,288,340,451,338,605,338,763,350,875,371,987,374,1108,391,1222,409,1279,418
16551.bmp,0,367,143,350,276,340,393,339,501,337,628,337,772,340,871,362,979,371,1106,392,1127,388,1279,415
16601.bmp,0,519,136,481,280,448,482,411,529,413,609,385,694,382,784,370,835,375,954,354,1051,346,1089,350,1099,339,1279,333
16651.bmp,0,635,39,623,308,551,361,529,419,527,476,509,512,492,557,491,624,471,698,464,794,441,853,416,979,391,1022,373,1152,340,1279,303
16701.bmp,0,656,59,640,183,596,258,570,350,545,388,527,469,508,532,485,600,478,639,468,689,452,728,435,765,428,857,401,888,386,928,382,1223,288,1253,272,1279,271
16751.bmp,0,627,17,627,34,616,68,616,93,609,116,596,142,589,239,563,274,547,325,544,353,535,398,516,442,516,480,508,530,498,582,481,614,469,630,461,663,456,720,436,764,429,830,408,933,379,1124,327,1141,317,1165,314,1195,308,1204,301,1279,295
16801.bmp,0,612,29,595,92,589,119,574,186,551,275,534,354,515,417,509,504,484,543,469,580,468,665,443,683,432,741,429,854,397,969,371,1056,349,1063,339,1120,330,1138,323,1184,325,1279,299
16851.bmp,0,640,39,638,75,620,174,603,176,599,301,582,375,561,404,548,433,543,493,523,677,477,882,421,1016,373,1067,376,1279,313
16901.bmp,0,636,45,637,109,612,206,607,297,579,329,566,373,560,442,542,469,532,763,459,852,423,957,408,1131,358,1279,313
16951.bmp,0,596,43,596,103,597,141,586,219,560,229,554,255,555,362,530,378,521,481,503,701,456,761,432,840,418,872,421,1051,379,1211,349,1279,329
17001.bmp,0,588,47,582,72,571,90,570,97,566,177,549,257,537,407,511,601,475,662,455,722,446,781,446,952,418,1110,390,1232,366,1279,359
17051.bmp,0,469,65,462,205,469,218,462,522,468,588,463,619,455,733,465,909,467,1080,465,1228,464,1279,461
17101.bmp,0,543,54,534,171,519,400,491,552,471,600,455,727,454,974,413,1167,390,1279,371
17151.bmp,0,652,118,625,196,605,297,571,496,517,521,501,589,481,650,479,924,396,1112,345,1279,300
17201.bmp,0,647,103,627,187,601,284,572,393,543,515,518,756,449,993,382,1180,329,1279,301
17251.bmp,0,589,95,564,178,546,296,513,380,489,437,489,730,414,1040,340,1232,307,1279,297
17301.bmp,0,575,78,546,129,525,208,500,303,478,483,428,612,397,869,342,1072,301,1265,268,1279,268
17351.bmp,0,537,73,503,195,474,428,406,765,331,1005,291,1231,265,1279,259
17401.bmp,0,556,81,551,126,534,390,446,672,369,924,311,1167,267,1279,252
17451.bmp,0,635,145,585,216,558,573,444,911,360,1205,288,1279,273
17501.bmp,0,605,138,580,238,558,717,465,1032,403,1279,347
17551.bmp,0,633,195,598,315,573,727,480,977,418,1181,371,1279,343
17601.bmp,0,501,333,497,848,469,1279,446
17651.bmp,0,404,678,446,1279,510
17701.bmp,0,352,528,434,958,504,1231,557,1279,564
17751.bmp,0,390,403,440,827,490,1128,532,1279,553
17801.bmp,0,288,368,384,821,506,1279,637
17851.bmp,0,301,607,432,961,516,1279,601
17901.bmp,0,495,414,515,958,514,1243,514,1279,508
17951.bmp,0,555,438,519,904,469,1191,437,1279,423
18001.bmp,0,544,484,500,770,476,995,450,1236,428,1279,424
18051.bmp,0,471,491,480,825,483,1140,483,1279,484
18101.bmp,0,404,638,494,1127,549,1279,562
18151.bmp,0,468,472,537,595,550,746,559,1068,575,1222,576,1279,579
18201.bmp,0,519,200,524,382,523,524,524,693,515,930,507,1143,496,1279,485
18251.bmp,0,418,201,391,493,371,813,369,1024,378,1189,393,1279,406
18301.bmp,0,370,208,350,480,342,827,351,1056,380,1210,404,1279,419
18351.bmp,0,338,358,337,753,362,993,397,1234,451,1279,461
18401.bmp,0,402,301,363,597,350,930,354,1224,386,1279,391
18451.bmp,0,392,330,372,637,369,1041,395,1210,418,1279,426
18501.bmp,0,393,544,408,929,440,1162,468,1279,479
18551.bmp,0,390,442,429,897,479,1097,508,1279,535
18601.bmp,0,458,283,487,733,520,1044,535,1229,541,1279,541
18651.bmp,0,496,437,487,897,475,1272,464,1279,461
18701.bmp,0,640,238,617,394,596,587,569,711,550,873,521,1063,477,1180,449,1259,429,1279,421
18751.bmp,0,688,57,679,203,646,263,632,388,597,631,532,939,449,1189,370,1279,338
18801.bmp,0,698,258,624,370,593,758,468,1102,351,1279,295
18851.bmp,0,595,129,576,231,557,803,452,1279,358
18901.bmp,0,582,415,487,851,398,1279,322
18951.bmp,0,633,151,585,315,534,641,437,840,385,1110,326,1279,293
19001.bmp,0,625,144,579,249,547,667,434,1027,343,1235,293,1279,282
19051.bmp,0,652,173,598,324,553,660,453,1156,314,1279,270
19101.bmp,0,593,115,567,206,541,854,399,1126,336,1154,323,1265,293,1279,293
19151.bmp,0,615,136,582,249,554,647,470,886,422,1029,384,1039,377,1148,348,1279,319
19201.bmp,0,587,109,567,231,545,724,454,927,410,965,396,1047,380,1173,357,1228,335,1279,332
19251.bmp,0,397,850,476,911,472,1167,491,1217,488,1263,504,1279,509
19301.bmp,0,287,262,340,672,438,934,505,971,516,979,509,1102,544,1217,571,1257,582,1279,584
19351.bmp,0,362,558,436,1003,493,1060,492,1178,506,1239,515,1279,515
19401.bmp,0,478,747,434,1058,426,1108,421,1227,412,1279,408
19451.bmp,0,663,318,582,486,537,711,472,951,402,992,385,1102,344,1239,308,1279,292
19501.bmp,0,703,257,634,377,598,789,459,888,410,1044,354,1168,292,1214,284,1279,262
19551.bmp,0,639,175,592,460,516,732,437,743,428,839,397,852,397,954,366,1018,338,1091,336,1168,303,1208,284,1251,283,1279,272
19601.bmp,0,606,113,573,188,554,419,489,577,443,590,436,610,432,619,430,627,424,746,393,842,366,896,360,912,350,978,342,1015,329,1067,311,1107,306,1149,303,1169,292,1223,286,1279,288
19651.bmp,0,595,96,567,158,544,451,465,508,450,521,437,613,412,647,410,683,393,803,363,875,354,917,344,946,329,1011,319,1036,317,1072,301,1112,297,1151,299,1175,299,1232,285,1253,275,1279,279
19701.bmp,0,627,143,581,216,555,352,509,358,502,394,498,422,481,499,453,529,449,667,405,739,389,788,370,809,360,850,346,898,342,939,324,977,319,1014,317,1041,317,1075,308,1110,292,1137,284,1171,273,1205,267,1248,255,1279,254
19751.bmp,0,613,137,573,201,549,256,534,265,522,370,488,396,488,557,426,612,419,683,393,732,379,764,376,815,358,872,352,916,353,1025,310,1074,303,1142,293,1157,279,1279,262
19801.bmp,0,470,120,452,159,445,278,428,297,429,421,415,443,411,458,405,507,406,533,410,581,403,603,396,656,390,685,391,697,393,757,390,832,400,906,395,954,389,1008,387,1075,393,1086,387,1196,390,1279,389
19851.bmp,0,363,179,363,334,362,480,377,561,378,657,379,798,406,875,422,1036,432,1129,455,1233,469,1279,478
19901.bmp,0,353,168,353,315,360,405,361,502,372,588,384,665,387,776,403,887,435,974,444,1082,454,1205,484,1279,504
19951.bmp,0,402,209,400,283,387,372,393,478,397,552,400,610,398,667,395,730,393,811,401,911,424,1027,425,1146,440,1161,434,1279,454
20001.bmp,0,427,118,425,170,415,189,413,309,409,401,409,470,408,512,400,559,408,624,400,735,404,792,402,862,422,934,417,980,418,1043,422,1101,427,1119,421,1174,431,1279,438
20051.bmp,0,383,76,382,137,384,174,384,189,378,305,386,417,387,508,387,557,399,601,402,637,399,691,403,727,413,811,415,873,434,942,435,974,441,986,438,1038,444,1107,455,1123,453,1279,481
20101.bmp,0,377,221,379,233,374,357,376,470,383,512,390,541,389,604,397,635,393,664,399,777,410,843,414,905,436,985,444,1042,446,1160,461,1245,480,1279,490
20151.bmp,0,427,199,416,236,412,347,409,502,406,540,399,596,410,666,411,715,402,774,408,868,414,934,430,993,425,1033,424,1067,423,1110,429,1169,437,1234,439,1279,442
20201.bmp,0,449,143,437,223,427,354,422,519,409,593,406,820,405,910,419,1018,413,1145,416,1252,423,1279,425
20251.bmp,0,414,221,406,238,399,496,402,539,397,599,411,649,410,693,401,767,413,841,411,902,432,1033,432,1093,439,1162,451,1171,445,1279,462
20301.bmp,0,396,201,395,250,392,430,386,563,393,661,400,771,401,882,415,950,436,1040,437,1056,435,1175,452,1202,451,1279,462
20351.bmp,0,389,246,395,409,393,678,412,915,431,1031,444,1200,466,1253,465,1279,472
20401.bmp,0,429,238,422,280,416,295,413,418,412,546,409,619,400,675,416,762,402,831,412,901,413,985,429,1101,427,1165,431,1227,436,1250,434,1279,443
20451.bmp,0,445,168,441,266,430,382,421,437,419,612,409,649,416,692,414,730,405,774,408,814,409,864,404,957,424,1038,418,1090,418,1145,417,1211,426,1227,416,1279,424
20501.bmp,0,426,241,419,261,412,370,409,499,403,565,403,633,411,684,408,724,402,770,404,802,411,873,406,941,426,1011,427,1078,416,1183,428,1217,428,1279,431
20551.bmp,0,423,220,413,337,400,465,399,536,391,602,399,695,389,772,397,840,399,928,412,994,408,1035,410,1094,412,1176,416,1253,422,1279,425
20601.bmp,0,429,44,417,170,431,197,444,237,446,425,444,482,446,549,452,593,451,631,442,696,448,756,448,835,461,876,472,960,468,996,462,1030,465,1076,465,1122,468,1144,463,1212,472,1279,471
20651.bmp,0,321,16,334,46,345,42,354,389,429,512,451,532,448,595,469,681,474,752,492,848,506,914,534,1017,545,1082,549,1142,569,1161,567,1221,581,1279,587
20701.bmp,0,390,327,412,327,426,557,438,577,431,642,444,706,442,774,444,807,456,866,451,953,475,1023,474,1068,472,1120,470,1151,475,1203,485,1244,482,1279,487
20751.bmp,0,371,50,377,66,387,65,401,310,416,494,423,560,426,586,431,636,438,700,428,757,437,834,439,904,463,973,459,1032,462,1087,465,1153,476,1173,470,1238,484,1279,484
20801.bmp,0,397,248,414,535,427,574,434,589,437,623,436,688,431,726,436,750,439,804,444,833,443,899,463,1034,471,1080,476,1165,485,1185,481,1233,491,1279,494
20851.bmp,0,400,266,417,356,416,463,421,592,427,625,438,728,430,798,440,864,439,933,464,1007,466,1013,459,1023,466,1060,466,1065,461,1080,466,1122,466,1184,481,1216,474,1263,487,1279,487
20901.bmp,0,402,208,416,301,411,514,428,571,432,604,434,651,434,668,429,754,443,767,438,823,442,892,466,967,467,1023,464,1072,468,1116,476,1159,476,1202,478,1237,487,1279,488
20951.bmp,0,403,182,414,273,413,419,423,468,422,509,425,539,434,582,435,595,427,641,427,680,436,726,438,763,439,836,461,907,458,941,464,954,461,1015,463,1087,472,1097,468,1164,482,1279,485
21001.bmp,0,397,145,408,346,419,411,419,452,419,491,427,541,428,564,427,588,426,636,429,664,438,721,438,748,444,799,461,825,465,863,463,890,458,936,467,1015,472,1074,476,1122,481,1174,489,1221,491,1279,491
21051.bmp,0,399,205,416,293,417,473,426,529,430,550,441,565,435,595,436,626,434,674,435,720,443,763,443,809,449,870,471,969,475,987,464,1011,474,1045,476,1047,468,1117,483,1121,477,1241,498,1279,495
21101.bmp,0,430,198,432,269,429,293,432,393,427,420,432,474,426,530,434,564,430,590,428,618,422,667,424,733,428,782,428,822,439,859,446,897,446,940,441,960,443,981,439,1004,441,1035,440,1065,440,1103,445,1137,442,1189,446,1242,451,1279,450
21151.bmp,0,470,328,497,569,497,649,498,749,490,831,496,925,495,983,503,1048,502,1068,500,1097,498,1105,494,1143,497,1164,494,1179,496,1233,496,1249,490,1279,490
21201.bmp,0,405,266,424,484,426,598,430,616,435,683,436,703,431,748,432,775,439,802,442,843,441,877,442,912,448,939,466,993,464,1028,461,1065,461,1105,467,1149,468,1182,475,1213,472,1255,478,1279,485
21251.bmp,0,415,313,431,435,435,540,438,626,446,732,443,828,454,893,457,945,477,1007,478,1033,478,1077,469,1104,477,1148,480,1207,481,1227,481,1279,491
21301.bmp,0,411,138,416,258,416,408,425,471,425,541,431,583,431,635,430,700,434,759,438,825,457,876,458,891,456,926,456,961,456,999,459,1082,472,1099,468,1187,476,1279,480
21351.bmp,0,492,228,496,343,492,451,492,525,487,600,487,679,474,752,475,828,470,891,483,966,481,1018,471,1062,469,1079,465,1147,466,1155,463,1279,461
21401.bmp,0,479,156,487,306,493,553,495,607,505,643,497,708,489,775,495,796,497,815,494,874,492,947,508,994,506,1025,500,1062,495,1093,496,1139,497,1187,497,1210,490,1279,495
21451.bmp,0,435,171,438,275,441,331,442,361,442,463,444,588,444,673,446,747,461,823,458,871,451,897,458,958,458,1000,458,1096,468,1153,467,1215,464,1279,464
21501.bmp,0,423,190,429,590,431,730,441,809,438,855,438,968,449,1013,466,1090,459,1125,454,1183,458,1261,467,1279,463
21551.bmp,0,443,80,444,267,437,614,443,761,434,830,446,874,446,936,430,1015,439,1086,438,1144,451,1205,454,1242,448,1268,451,1279,448
21601.bmp,0,428,130,425,356,427,534,428,744,432,868,438,967,429,1034,438,1117,436,1199,462,1242,461,1279,459
21651.bmp,0,417,224,439,239,429,560,454,822,474,1066,482,1074,476,1142,488,1208,488,1240,480,1270,483,1279,492
21701.bmp,0,437,36,435,77,442,438,448,451,441,836,444,1014,450,1225,448,1279,448
21751.bmp,0,422,70,428,278,429,427,434,592,439,705,443,944,457,969,450,1209,457,1279,462
21801.bmp,0,413,309,423,340,417,371,424,470,430,570,438,761,440,896,446,931,442,1056,448,1097,457,1279,468
21851.bmp,0,427,360,434,712,445,951,452,1101,450,1177,461,1279,463
21901.bmp,0,435,165,436,521,448,651,455,952,464,1139,470,1191,466,1279,470
21951.bmp,0,422,144,429,213,423,230,430,405,436,414,431,434,432,441,438,500,440,508,434,556,435,568,442,637,448,689,442,741,451,850,452,901,450,941,456,981,464,1104,464,1136,459,1257,467,1279,475
22001.bmp,0,416,78,422,130,418,161,425,183,414,209,418,231,428,341,434,346,426,363,431,369,436,437,438,445,436,493,437,499,442,577,449,584,441,593,448,627,444,681,450,794,457,848,453,868,456,921,466,1031,474,1060,465,1199,470,1227,482,1279,484
22051.bmp,0,415,119,413,170,416,226,415,342,419,447,428,462,424,492,424,507,425,512,432,593,436,644,432,731,441,810,442,861,438,900,442,956,453,1014,453,1060,454,1077,452,1215,461,1239,468,1279,468
22101.bmp,0,418,62,418,119,422,139,414,167,409,176,423,418,429,423,424,475,427,481,434,554,440,568,431,576,438,649,436,677,443,790,443,832,442,848,439,870,446,917,450,923,454,1032,458,1047,453,1182,457,1200,467,1279,471
22151.bmp,0,424,87,430,92,419,126,428,151,432,282,435,287,428,310,431,313,434,380,434,382,429,442,431,444,439,527,444,530,437,538,441,573,437,623,442,706,449,746,443,821,437,847,443,897,446,897,450,1003,451,1036,450,1093,449,1140,452,1171,463,1213,463,1243,463,1279,467
22201.bmp,0,403,37,412,236,424,291,425,305,416,348,418,357,429,440,438,477,436,524,436,563,439,610,441,682,444,727,443,759,443,788,448,835,455,880,458,912,458,959,459,1081,467,1133,474,1182,475,1223,482,1279,487
22251.bmp,0,415,222,427,437,436,443,429,482,429,501,438,575,444,590,439,598,442,642,442,701,449,811,450,893,444,954,458,995,458,1060,461,1096,457,1213,467,1254,478,1279,475
22301.bmp,0,423,79,424,78,414,90,415,112,423,400,432,404,425,458,424,464,432,548,437,553,425,562,436,607,431,654,439,806,440,871,430,905,439,971,448,1043,450,1053,444,1191,451,1206,457,1262,461,1279,465
22351.bmp,0,424,55,424,69,413,79,428,85,410,97,427,387,438,405,430,423,434,445,431,459,438,546,444,590,443,632,439,653,444,669,451,749,450,811,455,807,448,850,449,873,441,919,453,989,458,998,462,1035,465,1059,459,1187,468,1207,471,1233,474,1279,472
22401.bmp,0,418,77,422,83,409,91,411,96,422,100,408,109,417,114,425,421,434,425,426,489,429,492,440,572,445,577,438,634,439,835,454,856,449,934,443,977,454,1049,461,1085,456,1223,466,1256,475,1279,475
22451.bmp,0,413,23,424,59,419,65,411,75,422,86,406,96,423,410,437,416,428,478,431,484,438,572,448,581,435,591,440,666,441,685,446,855,453,871,449,954,440,992,450,1083,459,1220,463,1240,468,1279,468
22501.bmp,0,416,53,418,61,410,73,423,82,402,89,421,424,431,444,427,490,431,495,438,583,443,591,436,599,443,654,439,687,443,845,451,887,452,899,451,898,442,994,442,1072,453,1144,459,1207,459,1253,470,1279,470
22551.bmp,0,422,11,409,22,421,370,439,374,430,400,432,437,437,439,442,532,448,534,439,545,445,592,443,653,450,760,458,833,457,871,458,876,451,974,443,1008,454,1027,448,1056,454,1128,466,1180,466,1209,475,1254,476,1279,478
22601.bmp,0,423,269,429,345,440,354,431,414,431,421,444,515,445,519,431,528,444,569,441,634,448,775,451,800,452,875,457,876,446,902,446,918,443,949,436,1012,439,1049,450,1063,451,1064,443,1096,439,1142,452,1182,468,1227,467,1257,468,1279,474
22701.bmp,0,404,274,424,277,416,347,416,352,428,441,431,457,426,461,429,508,430,559,438,650,439,717,440,748,449,800,450,865,453,870,440,911,435,980,435,1034,434,1079,452,1099,461,1175,471,1178,462,1264,445,1279,443
22751.bmp,0,409,175,417,244,424,250,416,319,411,324,425,425,429,429,419,442,425,486,426,562,432,652,431,739,437,803,438,880,441,892,449,886,427,987,419,1064,418,1100,426,1123,439,1142,441,1139,452,1237,463,1237,452,1279,445
22801.bmp,0,428,130,455,152,453,167,458,245,471,245,461,274,462,287,462,313,465,320,469,322,476,425,487,426,479,438,478,439,484,472,489,488,483,501,487,553,496,567,496,596,497,627,500,659,502,676,502,716,509,733,504,778,511,838,513,880,513,944,514,944,498,933,495,934,491,990,490,1152,481,1186,490,1200,500,1225,505,1219,506,1219,516,1270,517,1273,523,1279,523
22851.bmp,0,396,213,414,220,404,244,412,250,417,330,422,329,412,360,409,402,413,408,423,508,432,512,425,527,431,552,431,568,426,646,440,737,445,804,454,821,454,831,449,866,454,966,465,1039,466,1063,465,1096,464,1096,448,1089,446,1089,440,1149,442,1161,434,1279,435
22901.bmp,0,391,189,400,292,408,299,400,325,404,326,410,386,414,389,388,396,395,394,412,405,412,405,404,433,405,478,406,487,414,591,423,597,421,614,422,638,424,653,418,714,430,809,436,826,434,850,439,868,437,890,443,907,442,913,439,949,449,971,445,1099,454,1148,453,1268,462,1271,444,1264,441,1264,432,1279,432